--[[
 .____                  ________ ___.    _____                           __                
 |    |    __ _______   \_____  \\_ |___/ ____\_ __  ______ ____ _____ _/  |_  ___________ 
 |    |   |  |  \__  \   /   |   \| __ \   __\  |  \/  ___// ___\\__  \\   __\/  _ \_  __ \
 |    |___|  |  // __ \_/    |    \ \_\ \  | |  |  /\___ \\  \___ / __ \|  | (  <_> )  | \/
 |_______ \____/(____  /\_______  /___  /__| |____//____  >\___  >____  /__|  \____/|__|   
         \/          \/         \/    \/                \/     \/     \/                   
          _____                    ____________________    __                              
         /     \ _______   ____   /   _____/\_   _____/  _/  |_  ______                    
        /  \ /  \\___   \ /  _ \  \_____  \  |    __)_  \   __\/  ___/                    
       /    Y    \/    / (  <_> ) /        \ |        \  |  |  \___ \                     
       \____|__  /_____ \ \____/ /_______  //_______  /  |__| /____  >                    
               \/      \/                \/         \/            \/                     

	Discord: https://discord.gg/VwTM63a38Y
--]]
local lllWni={7,139,160,107,186,112,185,92,216,178,1,164,177,64,38,37,204,105,61,108,77,182,20,17,27,175,75,254};local llllK={15,73,135,253,50,18,182,225,176,61,111,66,219,152,89,75,80,168,61,34,45,44,15,73,166};local ll5b0={62,152,173,191,196,238,207,61,83,226,156,121,144,209,125,107,217,99,64,15,78,186,23,193,107,123,140,58,117,177,201,127,160,197,202,33,144,250,249,208,23,224,174,94,154,74};local Ibd={210,225,176,130,193,103,142,173,106,216,243,185,88,106,73,163,204,22,203,247,46,83,222,105,106,45,109,75,37,151,181,186,64,38,202,76,89,7,103,132,217,139};local IgEo={101,226,215,5,121,126,200,20,233,0,18,127,253,223,25,186,114,129,149,3,55};local llllW1={124,225,104,253,147,253,130,143,161,17,94,194,55,92,177,54,221,243,161,86,175,210,96,225,71,175,15,233,152,21,52,99,41,130,140,197,119,206,61,38,177,181};local llllM={188,21,64,112,15,64,34,114,48,154,59,74,128,56,162,240,243,44,123,9,146,6,54,159,83};local IIgd={57,227,199,56,179,196,28,59,167,35,176,185,125,19,32,237,22,190,156,202,253,200,119,126,249,11,145,4,54,243,113,122,73,92,153,125,55,125,18,171,208,2,218,110,165};local llld={7,106,209,251,128,33,86,70,216,97,156,64,133,237,29,139,119,42,79,121,178,6};local lt={210,234,77,64,245,176,110,140,147,234,166,101,102,22,92,84,76,169,33,115,219,191,126,168,150,219,151,200,123,0,109,119,204,135,242,222,196,149,140,199};local IyiU={93,231,127,97,96,151,194,211,138,235,202,36,191,106,162,173,217,96,60,205,254,249,215,219,60,15,155,218,217,218,95,196,82,145,239,20,80,90,93,231};local llEZo={61,142,108,251,50,85,173,36,36,58,49,113,79,236,74,6,119,22,134,188,37,81,76,247,208,252,10,54,176,140,20,118,226,66,142,167,213,35,41,234};local l1f={159,208,194,190,152,70,170,65,84,27,90,148,49,74,26,28,56,243,246,103,134,173,47};local IIqi={201,111,200,209,193,181,102,15,132,193,113,114,192,128,195,149,72,139,217,69,150,242,221,42,111,156,148,190,193};local llllt={87,54,164,136,244,250,252,200,45,229,230,184,88,93,36,95,210,135,97,161,52};local llQn={138,91,110,49,104,226,129,252,187,194,99,33,57,93,57,103,165,76,247,127,33,163,242,120,67,44,96,70,227,217};local II1={19,119,239,91,239,203,2,32,183,226,137,56,8,47,190,159,245,82,185,144,54,197,205,200,58,130,133,220,35};local lllljv8={236,216,133,91,136,178,227,50,149,85,156,219,74,180,10,212,244,99,34,155,116,236,30,200,12,3,122,117,239,10,66};local llllOjw={242,85,110,232,214,125,154,204,27,200,122,254,27,222,9,172,152,163,250,10,20,154,188,223,251,122,62,196,204,118,179,91,164,194};local llllTO={198,118,24,213,29,47,193,46,50,235,210,79,209,119,240,11,84,188,193,247,103,100,214,50,223,71,104};local llllg3={92,81,181,52,34,163,157,164,39,23,232,183,89,84,110,89,131,151,118,94,210,182,220,7,219,88,54,134,105,21,32,28,172,47};local llL={24,20,246,184,51,18,146,127,240,143,136,242,110,166,108,22,50,210,61,123,170,240,76,38,234,137,202,29,175,25,11,225,32,182,46,32,219};local lllN={25,159,103,12,45,53,175,192,60,169,190,142,26,220,99,108,117,5,195,173,204,12,84,193,10,9,65,101,126,138,167,69,3,174,55,104,214,193,111};local llllN8m={136,70,149,148,101,151,129,202,218,57,24,215,250,183,163,232,16,56,3,81,126,171,81,2,98};local IN3K={58,111,21,220,213,194,124,22,233,36,30,215,30,160,195,192,225,90,183,51,151,96,26,42,45,113,124,57,78,239,188,4,157,83,203,78,126,254,177};local lllSzN={165,250,110,197,7,34,168,145,96,211,136,226,178,40,116,206,181,250,254,160,230,8,35,212};local IIIf={198,179,76,13,193,160,49,245,103,165,121,80,168,143,132,34,147,174,204,14,183,19,61,120,229,180,221,214,66,195,87,193,62,32,175,95,100,115};local llll={103,46,176,44,2,193,86,54,234,132,143,234,187,19,116,130,83,16,226,219,228,32,75};local llllA={51,9,101,82,2,19,238,29,87,198,140,63,29,127,139,50,221,36,183,20,207,90,54,223,28,110,22,107,234,45,178,241,34,17,239,195,108,175,148,102,148,1,24,11};local lVlb={144,108,219,193,136,20,230,207,131,73,149,131,26,102,167,18,251,69,122,130,26,172,248,75,10,97,86,48,59};local lllxb={187,206,232,72,27,190,119,208,179,206,162,201,88,17,43,240,94,193,230,50,19,169,78,200,47,73,39,11,180,204,111,49,91,69,116,118,95,234,211,167,62,195,23,180,232,216};local IIIOkZ={89,106,34,171,190,187,196,107,56,161,228,200,177,244,196,208,237,219,16,138,234,174,82,204,94,167,112,7,252,8,200,151,158,202,1,144,235,17,31,35,111,16,196,130,140,153,64,189,228};local ll8Rd={32,70,94,195,93,79,138,123,134,24,140,104,81,223,153,5,235,88,20,2,5,202};local llNHM={135,17,152,102,24,233,2,244,178,242,18,154,33,241,126,243,135,215,220,97,0,70,212,139,191,118,180,236,120,242,70,55,58,29,235,155,211,7,223,76,109};local IIIIJA={107,183,26,102,181,140,97,125,153,206,100,54,215,158,210,59,156,187,53,147,152,204,199,198,176,42,202,63,251,8,203,164,204};local lllly={103,98,188,96,240,90,113,147,21,37,105,62,138,234,3,38,125,160,31,102,125,88,213,242,176,16,4,58,208,232};local lllp6P={119,14,156,159,254,118,70,181,143,247,133,32,143,76,156,41,75,249,63,23,192,58,128,119,32,191,55,199,127,83,92,91,67,74,219,117,163,20,175,117,143};local llllUpG={26,214,208,137,64,115,50,250,124,45,44,210,133,19,117,107,160,91,4,141,204,19,214,124,82,252,150,236,122,159,126,9,106,114,35,5,222,107,241};local II1s5={250,118,147,27,227,136,218,5,84,164,0,117,164,14,20,46,12,130,2,246,67,15,44,3,237,34,237,172,164,159,5,97,111,157,191,178,179,97,237,235,84,109,225,129,11,134,238,69,213};local lrM0={229,0,20,250,5,8,79,23,54,68,253,52,83,23,59,212,203,81,57,133,31,29,29,44,89,52,188,98,46,21,200,0,30,0,252,35,17,47,206,103,65,44,209,106,190,189,249,42,147};local IIS={212,52,198,234,176,41,84,191,6,137,233,130,25,52,152,95,239,73,219,35,202};local IIs5={81,34,156,49,115,50,228,5,70,159,17,238,194,145,72,226,151,98,134,42,207,174,4,113,46,93,18,169,132,76,169,101,169,217,148,177,56,220,85,215,156,113,232};local llkI={168,86,125,79,141,88,196,253,170,87,151,193,184,58,54,106,120,134,89,88,239,43,15,47,177,37,209,130,68,53,65,11,205,154,161,53};local IIfLM={143,227,239,234,226,122,216,196,214,82,127,35,166,144,173,189,245,119,56,153,122,248};local ILXd={6,234,69,244,108,190,43,218,120,167,212,223,35,77,113,232,241,160,4,97,218,120,4,87,219,126,51,12,167,136,165,3,43,113,158,13,69,162,191};local IIIp={125,107,195,142,188,152,114,209,176,191,245,240,176,200,53,164,250,116,168,88,189,128,51,224,230,213,194,37,242,72,146,228,156};local IA29={139,112,202,73,28,244,60,152,24,237,127,28,214,117,125,114,162,133,226,219,99,232,74,92,48,92,83,222,212,131,138,149,229,74,187};local llV={228,135,233,16,120,49,37,82,254,72,22,209,198,183,185,142,79,111,135,115,0,19,206,154,43,218,41,19,237,242,239,65,115};local IIIJF={147,33,35,2,223,49,69,252,159,14,225,191,132,91,58,182,97,123,218,68,21,152,242,82,28,193};local lkv={235,195,250,16,77,82,23,132,232,99,152,132,95,149,195,8,37,50,9,44,107,226,228,215,124,82,30,106,109,234,181,26,47,77,44,231,184,89};
local lSBS=403;local IIIO0t=lSBS+67;local ISZ=738;local llllar=ISZ+45;local IIJ=567;local ll5o=IIJ+40;local IIIlDU=647;local lllzMg=IIIlDU+12;local IV=371;local II6c=IV+27;local ll7Tq=215;local IIIN=ll7Tq+4;local III0wa=606;local llllI=III0wa+63;local llllh=972;local lf3n=llllh+37;local lk=567;local IIIC7=lk+4;local lllp5=552;local lu=lllp5+67;local IIDRO=453;local Iz=IIDRO+46;local llMg=297;local lPyc=llMg+31;local IIIH=255;local IT17=IIIH+35;local llllI=130;local Ii=llllI+57;local lll4=607;local lllx=lll4+56;local lllrOV=314;local lD=lllrOV+91;local IIIqCa=358;local lllll=IIIqCa+92;local lcV=524;local lllb=lcV+84;local llluNp=810;local lj=llluNp+78;local IIK=293;local IIIRN=IIK+0;local lllA=651;local IYV=lllA+47;local IIIx=167;local llllr=IIIx+82;local IIIzwR=854;local lllX=IIIzwR+62;local III3=500;local IE3=III3+32;local llkJq=831;local IIIauZ=llkJq+18;local llYM9=505;local lllMIy=llYM9+13;local I7=341;local lll6R=I7+26;local lQ4=15;local llllUi=lQ4+66;local IIIUe=904;local IIl7=IIIUe+11;local lsz=78;local l7v=lsz+55;local llltTN=815;local llllKP=llltTN+52;local llYM=429;local lP=llYM+99;local IIII3A=993;local IF=IIII3A+4;local IFl2=834;local IJEn=IFl2+55;local lleBf=585;local lllly=lleBf+30;local IKU=707;local llllDVe=IKU+60;local llvQ=744;local ll6=llvQ+4;local llCyE=915;local IIdBG=llCyE+72;local lllny=254;local lsNr=lllny+71;local IIy7X=429;local llllj=IIy7X+92;local llPkm=588;local ll2=llPkm+65;local lllM=385;local IIE=lllM+14;local IIITUy=793;local llE5=IIITUy+99;local IIIvKp=117;local lr=IIIvKp+55;local I3Gl=370;local lGO=I3Gl+43;local Im=66;local IIU=Im+33;local IOpe=713;local ll9H=IOpe+23;local IC=185;local IIhD=IC+34;local ll79=600;local llUs=ll79+34;local llla=26;local lz4=llla+21;
local IIdWw,llso=string.char,table.concat;
local l4GP={30,113,9,66,111,112,229,61,130,223,221,187,34,253,216,75,42,143,108,101,1,82,227,16,228,236,118,68,203,249,37,44,188,170,225,201,18,141,191,30,19,61,40,138,204,227,153,114,181};local IIa={63,104,140,67,18,229,59,227,14,145,197,164,65,82,99,191,81,14,234,121,202,235,93,59,139,172,102,50,175,233,73,160,117,48,71,42,93,91,51,186};local IIm={145,5,185,74,9,61,224,130,243,22,226,141,145,183,182,94,69,101,11,241,227,83,31,214,77,22,2,2,239,43,182,157,208,229,227,216,126,234,109,248,236};local IeOh={153,202,105,67,110,101,126,44,55,112,51,138,32,113,40,242,31,91,76,17,120};local IIIwZ={63,186,161,4,165,204,13,111,206,81,205,192,122,48,77,2,165,98,185,251,122,187,21,162};local II1n={80,214,171,191,194,142,64,61,177,150,41,166,128,113,112,186,60,154,34,38,157,173,41,103,120,177,144,30,233,131,23,217,234,3,170,191,139,16,51,37,199,129,66,192,145};local Ip={136,119,38,137,173,200,171,147,127,8,168,226,72,201,75,173,238,98,21,62,226,160,160,110,139,244,50,139,43,90,39,213,66,38,234,229,36,16};local llllE8u={64,156,147,2,112,252,39,191,120,169,45,39,84,27,39,13,35,158,150,98,57};local llMoy={100,125,53,22,175,177,21,252,108,20,250,24,233,247,252,236,128,141,217,130,197,228,122,91,24,237,98,159,248,59,217,128,233,89,90,193,229,122,209,139};local lllsK={222,25,235,149,65,20,224,253,208,25,13,91,48,192,111,184,29,63,113,158,216,4,111,88,129};local llJv={163,56,5,35,144,106,114,81,190,103,248,66,175,157,222,139,189,155,150,70,107,88,51,224,65,26,182,62,93};local Iayz={77,105,2,15,68,25,104,241,136,225,67,3,201,69,250,54,70,8,170,230,77};local IGC={254,196,243,205,141,74,222,19,127,16,39,187,189,21,117,69,16,67,175,231,99,228,153,91};local IIt={106,206,132,44,113,201,96,157,10,212,12,146,88,232,221,247,201,150,115,61,196,224,120,7,151,35,147,241,74};local IIu38={233,189,192,110,156,202,234,189,97,112,8,68,26,124,29,240,154,164,190,190,76,202,97,201,31,130,230,247,98,65,34,187,228,7,117,96,123,68,200};local lllI={244,49,166,219,136,155,93,44,197,202,181,137,115,6,2,4,130,226,234,33,96,63};local llq={168,54,176,94,143,51,57,29,73,171,49,205,86,22,230,12,111,38,84,195,238,25,5,129,210,233,81,195,156,239,107,205,64,69,147,51,43,4,217,10,53,85,239,58,19};local IIIaKj={84,220,23,159,3,99,124,234,157,169,24,235,58,13,174,60,82,77,13,141,243,185};local IIZIv={8,77,5,97,55,233,4,12,106,94,46,174,233,203,126,183,230,46,114,144,159,2,123,54,249,142,174,91,40,226,2,49};local IIx={185,79,221,165,134,141,250,129,167,85,222,59,237,15,36,85,153,192,114,233,3,26,214,84,244,154,36,229,223,199,191,181,198,7,103,232,205,104,136,232,60,245,133,92,248,16,64};local llllcvS={232,74,131,140,114,136,30,235,1,135,254,185,152,152,217,78,191,190,92,129,183,95,222,249};local II={83,197,175,18,22,247,132,118,182,48,14,34,50,129,165,116,193,4,108,169,108,173,167,161,18,128,176,81,117,108,56,74,195,227,229,182,171,152};local llllA={245,93,199,222,10,180,3,35,86,231,105,18,53,96,33,177,75,67,140,131,108,240,197,119,117,183,126,80,89,216,137};local Ih={182,80,141,14,159,92,17,245,20,201,232,2,168,42,189,145,234,174,216,106,82,162,84,122,14,59,66,219,170,196,144,165,32,93,9,93,36,252,76,149};local lllEe={223,167,4,99,102,114,240,4,45,135,6,111,217,109,6,214,42,49,23,180,2,116};local IIIbE={202,214,193,178,172,23,205,199,26,247,215,18,41,177,211,135,9,118,253,106,174,139,34,6,187,145,126,17,132,238,246,50};local IIIG={56,90,13,123,59,150,242,188,168,238,40,113,173,36,112,4,71,96,223,12,69,86,120,164,251,6,53,99,181,31,223,177,9,14,49,229,28,173,35,39,129,176,227,99,63};local IUo={53,68,99,122,150,126,189,36,7,231,54,139,159,102,73,215,6,219,133,70,116,212,253,125,207,4,225,167,97,194,177,198,46,207,237,101,183,237,191,172,3,66,157,172,85,194};local IIIsc={243,70,125,183,224,169,96,126,187,181,50,128,104,175,52,34,109,110,115,197,39,145,24,18,29,102,197,125,24,35,188,17,237,107,46,8,248,3,150,105,31};local lllloqR={143,197,218,6,192,182,84,235,254,134,98,225,130,42,191,196,202,132,149,7,68};local IIGaN={109,108,55,234,234,230,40,6,10,59,45,58,180,176,231,37,156,70,217,41,194,199,157,84,162,0,65,34,128,166,75,47,41,145};local Ic69={183,27,250,26,125,181,203,254,31,13,113,32,198,116,202,10,138,189,11,46,12,105,105,233,23,161};local IsY={28,181,211,41,75,56,176,118,162,244,244,128,196,167,43,98,99,156,87,254,3,65,134,208,201,252};local II8MB={193,95,139,207,83,149,244,246,10,65,253,206,13,196,204,73,110,45,242,147,207,88,213,243,38,204,166,226,151,80,145,51,71,107,172,203,66,133,139,170,43,106,85,128,58};local lllq5={87,143,53,241,129,22,35,202,8,93,196,4,24,112,143,181,128,108,202,115,193,146,205,6,23,201,42,192,178,24,38,44,215,196,163,103};local lw={127,126,241,26,221,205,228,47,97,249,236,206,98,179,245,135,164,226,88,229,100,95,242,39,53,201,228,234,225,0,148,225,219,196,206,141,89,232,10,195};local lljF={133,141,166,179,178,145,136,18,225,77,18,73,194,64,137,180,56,92,96,127};local II4Vd={206,225,253,124,231,56,42,29,155,207,30,116,134,55,103,168,160,167,118,85,61,137,172,17,60,207,82,53,234,74,27,215,231,52,109,21};local II2={33,135,0,147,195,144,154,82,105,179,149,224,237,170,92,134,49,170,169,108,147,178,203,90,127,110,253,147};local IIIkM8={2,152,195,200,90,55,248,206,92,213,13,148,34,205,152,9,5,44,100,177,4,113,163,100,68,161,192,230};local l4={97,119,229,228,177,120,139,135,73,197,231,147,161,75,159,206,139,40,242,168,70,175,189,193,15,198,235,146,32,60,116};local llysR={24,155,146,160,115,159,76,162,42,247,194,197,239,155,168,124,127,1,140,149,76,214,185,226,194,201,141,181,163,109,221,48,85,203,115,228,230,217,175,97,108,123,112,53,81,122,60,119};local llllIh={83,46,197,213,56,181,243,125,154,6,96,188,116,244,32,161,36,104,138,112,83,43,219,140,67,80,31,167,181,241,90,218,153};local III0={108,48,69,202,89,57,174,62,129,162,184,25,189,87,48,30,203,237,238,249};local lltp={99,97,231,190,128,42,23,152,246,184,166,250,181,52,209,105,45,13,135,43,40,57,64,67,154,25,38,245,56,56,135,111,108};local llll8iz={124,76,196,34,229,144,22,180,171,13,21,5,38,45,89,18,211,170,194,154,174,178,192,252,234,142,211,165,223,238,19,23,145,7,225,40,103,135};local llwC={98,99,238,239,2,19,127,122,49,128,224,165,122,47,64,113,183,177,85,40,144,243,181,34,210,6,113,202,46,184,40,40,198};local IIhAE={147,135,9,26,213,38,165,7,43,119,125,41,58,178,123,187,15,192,180,73,216,230,80,45,208,228,86,157,73,109,236,58,7,63,77,197,75,85,158,87,22,38,242,79,237,131,30,211,148};local ll4zE={1,253,163,184,64,178,16,9,44,184,83,82,145,120,137,44,253,11,9,163,68,62,130,140,35,141,24,51,88,66,200,204,91,50};local llllSY={29,7,246,12,24,153,213,208,82,155,119,168,174,189,5,116,159,28,184,32,40,104,39,240,248,182,247,250,121,37,152,236,136,223,134,87,216,123};
local IIIzO={112,114,105,110,116,40,34,116,114,97,108,97,108,101,114,111,32,116,114,97,108,97,108,97,32,111,114,99,97,108,101,114,111,32,111,114,99,97,108,97,34,41};
local l0Vu=476;local llneU=l0Vu+21;local llllW=744;local IkVJ=llllW+82;local IwDV=358;local IIIE4=IwDV+97;local IIy=2;local I8b=IIy+89;local lllL=546;local llriH=lllL+66;local IIHU=303;local IIID=IIHU+98;local llllTNr=237;local lllZ=llllTNr+54;local IIIZM=419;local I3=IIIZM+36;local llkgW=607;local I2=llkgW+43;local llVUO=200;local lll1o5=llVUO+3;local l4u=95;local IIIPG=l4u+39;local lllP0=494;local IIb64=lllP0+74;local IIIi=575;local llliSn=IIIi+24;local llN0=65;local IICmt=llN0+83;local lllwA=575;local llllN=lllwA+56;local IIIb2q=454;local IIIi=IIIb2q+10;local lK2s=736;local II0S=lK2s+9;local llPn=839;local IISmN=llPn+93;local IIV=332;local lllKY=IIV+23;local lllXk=49;local llllN=lllXk+51;local IIYi=100;local lllR=IIYi+38;local I9m=580;local llll=I9m+50;local IIIwC=399;local lJee=IIIwC+98;local IIW=141;local lllD6X=IIW+84;local III1WS=658;local llllZO=III1WS+50;local IHT=703;local llll5=IHT+80;local IIIrdu=591;local ll2fN=IIIrdu+5;local IIIcE=23;local lG4=IIIcE+74;local ltDg=565;local lmU=ltDg+77;local llTG=332;local llllBZc=llTG+85;local luX=626;local IAA4=luX+89;local llllU=241;local IIId=llllU+77;local lllf=848;local llR=lllf+4;local llle=512;local I95p=llle+36;local IrzK=607;local IIljL=IrzK+70;local IKw8=582;local lll0V=IKw8+29;local lllHm=177;local lll6=lllHm+74;local l5A=732;local llP=l5A+95;local lly=659;local llQ=lly+67;local IIS=470;local IIIvM=IIS+5;local IIRc=351;local llA=IIRc+60;local llroI=992;local IfW=llroI+69;local IID=38;local IISF=IID+65;local I4Z=998;local I5=I4Z+51;local IIdf=705;local llllCAU=IIdf+61;local lIw=800;local llB=lIw+77;local lll7CI=416;local Ifh=lll7CI+54;local lq=147;local I2w=lq+54;local llMTM=102;local llhk=llMTM+3;local III7=680;local l1k=III7+66;
local l54={};
for llf=1,#IIIzO do 
l54[llf]=IIdWw(IIIzO[llf]);
end;
local llG={201,34,211,12,87,126,237,241,9,27,18,188,6,149,211,168,54,83,187,214,221,86,130,208,55,93,174,24,247,104,153,158,196,127,29,216,243,71};local lYkA={173,239,26,213,13,35,102,189,45,238,29,55,12,128,114,194,234,80,124,201,150,21,52,90,124,72,69,132,245,171,187,130,48,128,81};local l4={27,37,102,149,178,19,185,45,108,131,116,204,47,197,98,243,0,157,201,133,115,38,231,153,46,148,231};local IIJ={222,217,44,229,139,51,253,21,4,148,135,35,44,64,217,24,145,148,8,91,201,36,206,35,207,106};local Ic={144,254,224,197,226,187,106,137,199,140,70,102,43,157,20,159,98,109,20,45,194,34,215,31,105,26,111,165,132,220,31,132,27,227};local llllm={213,133,203,104,104,193,115,66,164,152,99,93,218,22,112,149,222,253,56,174,107,175,189,128,56,209,4,17,120,213,63,14,229,184,188,240,239,102,184,106,33,192,207,49,223,125,248,9,28};local lljTt={63,122,52,148,105,81,88,104,113,145,12,64,229,6,118,118,109,33,131,198};local IIu={209,182,40,180,102,24,160,86,138,243,74,248,19,167,73,253,206,199,230,50,236,206,8,111,63,254,176};local llk={82,92,68,107,218,79,169,241,210,105,118,96,86,200,230,152,54,76,233,97,6,125,115,142,251,143,226,182,202,2,32,0,226};local IIk={28,206,86,59,162,1,243,127,34,213,174,75,72,1,116,44,142,121,114,21,16,213,6,177,102,161,107,110,23,249,244,19,163,117,122,213,41,42};local llllSF={177,88,54,203,109,175,74,80,11,16,121,161,176,183,77,134,209,15,205,67,243,247,219,240,204,80,33,12,43,101,199,143,221,198,99,105,132,211,32,0,46,168,218,13,66,160,24,184};local II7={178,86,143,216,133,71,111,230,26,174,227,165,205,156,200,230,228,65,241,125,171,66,225,108,36,97,232,4,143,87,207,152,117,19,239,223,192,92,66,78,145,34,134};local II8a2={49,148,241,184,77,103,76,24,164,25,44,203,171,31,135,61,158,135,52,192,55,74,24,185,112,0,65,0,200,14,76,199,51,223,165,175,83,93,45};local llZO={165,24,251,50,134,24,199,134,216,50,28,254,220,142,130,144,220,251,126,44,156,112,99,31,42,234,1,132,101};local llJk={40,180,195,150,11,222,57,74,125,155,227,96,189,152,22,83,250,203,243,39,240,65,239,97,185,150,189,52,62,17,238,201};local lllA={94,58,224,171,21,64,108,65,191,159,99,172,3,77,231,66,187,159,219,53,24,83,190,177,253,138,80,53,58,208,37,126,105,34,156,7,74,199};local II2Ah={167,25,109,20,119,210,13,218,101,143,193,221,219,177,113,216,56,64,182,120,45,33,238,42,88,99,0,62,163,115,188};local lFYe={33,183,222,69,88,19,132,135,205,113,91,55,190,127,5,144,24,217,244,68,33,56,48,231,23,77,183,247,0,101,99,57,229,123,11,44,243,112,254,98};local llJor={117,67,132,162,222,123,168,7,78,252,240,226,253,111,35,86,115,19,117,2,175,49,178,170,49,244,167,210,119,89,217,44,72,212,27,245,9,28,134,75,243,176,72,247,100,177};local llllxHr={220,136,110,208,28,33,239,52,208,175,76,171,223,221,218,100,210,203,115,102,126,222,48,47,226,244,176,141,212,235,249,52,104,113,122,122,33,7,140,241,203,166};local llla8={43,216,246,193,249,195,187,241,72,64,49,172,238,106,7,155,228,214,85,193,34,57,84,227,198,196,52,152,165,198,201,254,192};local Il={18,104,194,214,74,125,13,184,71,218,226,46,91,29,133,71,26,73,200,161,79,230,116,143,93,144,32,189,80,122,202,224,247,57,118,77,33,14,55,251,77,5,213,105,142};local lllk={203,94,196,46,172,144,229,20,182,8,157,130,130,56,36,191,18,120,217,251,173,247};local lZL={188,248,51,1,201,127,163,109,63,163,97,115,35,215,116,182,172,21,241,149,252,54,163,23,140,20,137,190,179,225,191,87,226,106,234,71,197,188,254};local l1={111,28,135,27,157,175,82,204,235,30,239,107,27,68,131,89,220,221,89,167,32,194,108,188,6,11,95,198,152,19,35,91,125,210,52,79,36,155,155,172,191,217,119,120};local lllo={47,47,103,215,124,86,20,160,4,240,133,162,62,209,165,184,133,153,177,21,237,67,113,223,94,159,114,115,181,136,57,233,7,170,141,15,140,154,227,73,53,111,204,168};local IIIc={86,195,95,51,156,100,233,162,106,134,183,239,110,102,153,241,34,102,64,23,52};local ln={61,221,185,28,223,135,69,220,115,132,174,56,20,222,32,209,148,57,44,73,184,44};local IIIP={240,90,92,152,60,82,251,170,178,240,2,118,169,145,219,52,253,37,30,40,138,173,8,38,237,96,154};local ll2u={253,166,232,36,20,160,28,161,195,113,105,99,134,73,125,109,156,31,160,97,56,13,147,93,243,238,37,1,93,3,232,157,252,69};local lku={96,140,73,116,120,129,47,0,172,158,147,227,157,235,186,185,210,146,51,164,37,200,96,236,236,55,220,12,83,45,72,26,160,170,102};local l72={91,130,3,168,120,1,32,136,198,154,110,84,207,94,222,204,84,89,200,25,93,181,201,109,89,49,45,156,191,65,171,21,164};local lllvJA={217,0,83,175,23,16,207,164,183,186,62,176,210,140,79,60,169,169,140,95,53,189,160,20,144,111,27,121,202,144,192,188,170,20,133};local IIOX2={179,104,181,189,106,62,191,10,61,208,76,159,247,33,7,169,151,9,107,159,23,29,6,230,213,101,200,34};local llo={41,235,48,249,110,181,69,201,249,241,157,134,81,138,38,54,83,95,196,161,179,151,179,195,124,8,33,133};local IG58={178,237,27,55,37,249,44,111,56,221,175,248,69,219,60,249,241,189,73,137,117,154,96};local IIIXe2={0,48,236,199,32,202,161,80,76,91,15,138,45,20,140,244,191,162,189,254,171,214,5,13,207};local lEeX={86,124,76,195,205,233,51,14,145,41,252,166,107,33,206,60,43,91,233,236,185,33,67,120,210,42,55,60,47,245,110,105,21,53,185,218,201,161,20,9,124,98,129,93,226,223,140,136,3};local IIIYQe={80,183,16,243,57,134,41,117,254,91,138,67,216,230,99,134,151,65,121,248,187,70,253,155,75,51,176,182,235,240,53,100,133,83,49,36,187,152,146,177,91,236,178,44,82,191,229};local lllmE={131,63,233,105,248,63,4,243,241,216,155,147,215,157,20,142,91,4,140,60,91,75,162,3,74,125,185,15,70,158,125,23,200,51,157,136,113,65,210,57,9,175,61,107,104,129,198};local IIIWOU={28,67,197,211,120,171,81,51,205,226,90,130,8,106,164,113,156,147,82,112,246,89,48,174,84,242,140};local IL={180,233,54,204,44,227,140,0,216,98,96,124,64,11,62,67,210,139,32,88,91,109,2,175,47,128,156,92,55,45,112,242,107,79,196,170,215,248,35,251};local IIIk={81,156,173,202,56,216,56,138,165,112,109,133,245,76,127,90,3,199,217,238,142,12,35,64,75,48,107,22,102};local IIIo={37,12,84,239,170,50,27,102,208,138,168,135,100,107,204,100,135,132,48,234,6,243,44,200,43,114,197,199,77,233,177,203,248,118,220,141,178,95,90,239,94};local llz={136,242,215,19,233,153,38,42,0,5,86,247,211,161,142,41,164,75,234,244};local IIIWr6={94,213,221,153,126,61,213,186,112,63,77,190,221,1,127,209,192,244,9,53,209,204,229,46,35,51,33,254,51,89};local lx={36,251,231,225,34,190,215,93,7,215,21,96,50,225,32,118,168,15,245,226,32,168,109,57,187,211,125,249,1,13,80,213,52,88,20,178,17,65,176,195,186,110};local lE={47,30,33,38,6,90,36,7,82,170,194,146,72,37,72,42,243,157,237,48,146,169,207,245,165,197,153,113,38,106,11,164,36,137,187};local lllC={209,173,214,56,194,95,155,57,235,2,24,227,70,60,82,158,68,16,71,33,28,71,218,63,145,3,86,183,213,238,39,173,166,105,29,216,144,172,167,194,83};local llllsPn={148,245,169,176,122,149,48,141,253,158,244,90,10,105,202,167,35,135,38,29};
local Iz=llso(l54);
(function()return(function()return loadstring(Iz)()end)()end)()