--[[
 .____                  ________ ___.    _____                           __                
 |    |    __ _______   \_____  \\_ |___/ ____\_ __  ______ ____ _____ _/  |_  ___________ 
 |    |   |  |  \__  \   /   |   \| __ \   __\  |  \/  ___// ___\\__  \\   __\/  _ \_  __ \
 |    |___|  |  // __ \_/    |    \ \_\ \  | |  |  /\___ \\  \___ / __ \|  | (  <_> )  | \/
 |_______ \____/(____  /\_______  /___  /__| |____//____  >\___  >____  /__|  \____/|__|   
         \/          \/         \/    \/                \/     \/     \/                   
          _____                    ____________________    __                              
         /     \ _______   ____   /   _____/\_   _____/  _/  |_  ______                    
        /  \ /  \\___   \ /  _ \  \_____  \  |    __)_  \   __\/  ___/                    
       /    Y    \/    / (  <_> ) /        \ |        \  |  |  \___ \                     
       \____|__  /_____ \ \____/ /_______  //_______  /  |__| /____  >                    
               \/      \/                \/         \/            \/                     

	Discord: https://discord.gg/VwTM63a38Y
--]]
local ly={115,24,144,49,52,58,78,61,131,80,183,251,203,151,138,83,200,103,200,194,99};local llllc={224,49,4,168,219,75,113,129,15,222,175,142,125,46,168,5,27,133,184,245,245,243,115,234,20,159,50,142,38,203,170,246,206,149,167};local IIb={39,243,6,26,217,136,194,126,249,54,82,165,102,97,230,54,240,176,178,164,81,119,175};local IIIGnH={28,220,76,175,10,123,194,165,133,119,79,201,53,124,240,222,99,45,73,13,101,41,37,67,26,61,107,138,162,170,38,159,48,1,217,39,42,119,154,192,249,199,185,147,46,201,15,247,175};local llllNm={146,247,103,164,162,153,3,110,249,44,227,205,130,96,104,228,218,7,122,176,219,64,145,131,161,59,101,149,161,2,140,170,55,186,242,61};local IIopx={232,239,247,113,133,181,49,98,216,187,132,61,210,70,145,207,2,66,247,109,210,13,48,193,189,33};local lllGA6={224,30,242,100,159,63,53,173,114,20,156,124,73,88,184,109,211,120,241,32,212,213,225,39,176,50,209,245,129,156,172,97,97,191,244,114,168,13,69,232,10,224,106,241,28};local lllj={78,125,198,241,23,248,3,154,107,154,152,96,129,149,140,131,207,177,121,112,131,249,215,243,164,221,142,60,29,198,183,184,202,249,17,157,18,152,135,123,62,57,130};local lllWX={41,104,136,25,44,215,2,92,33,242,250,103,6,191,217,161,196,248,23,103,194,161,116};local IIf={122,137,107,47,65,178,40,18,165,181,39,182,180,42,7,136,207,22,32,162,196,175,149,213,58,144,145,116,66,214,244,199,118,200,188,1,228,144,168,170,226,33,217};local l2={239,183,96,98,77,148,73,167,124,144,23,59,254,81,239,254,138,68,129,185,175,142,44,196,1,21,2,163,183,58,77,232,16,1,67};local llllj={94,122,43,23,160,201,196,112,74,250,14,226,17,47,206,48,229,17,236,69,35,124,205,84,49,146,1,73,47,42,180,0,50,222,104,27,43,9,62,63};local lQHo={115,62,73,194,187,157,116,203,171,103,51,157,67,51,239,105,196,86,71,116,83,125,53,239,101,38,39,195,9,88,16,42,24,108,143,78,103,70,64,67,94,161,184,93};local llWg={63,149,19,102,67,189,106,10,48,139,10,222,204,35,130,188,63,154,139,124,102,104,63,67,93,9,164,155,141,89,93,107,164,5,147,211,233,109,40,227,18,12,101,231,244,99,140};local IIvsV={188,232,95,68,131,142,20,234,83,253,155,53,157,188,110,167,81,230,100,137,94,206,233,71,95,0,222,3,125,205,214,63,7,18,53,124,194,220,26,123,222,29,121};local lQA={33,54,91,218,187,213,223,162,171,176,214,209,70,96,186,104,22,192,78,226,250,180,88,3,5,226,196,60,29,129,233,27,17,122,81,84,129,141,121,54,171,137,217,30,10,57};local IuPK={199,180,66,172,182,102,185,69,84,85,123,205,4,240,205,250,94,167,51,42,4,81,167,116,142,99};local IIxU={107,150,231,141,221,206,231,56,93,122,98,45,251,249,169,19,187,54,43,188};local Iry={98,181,68,36,5,248,15,205,190,223,200,90,151,155,6,125,175,134,83,107,30,212,13,207,146,96,8,202,126,150,104,45,248,40,53,241};local llllk9I={206,183,221,5,38,206,120,228,241,170,213,230,98,111,201,58,251,187,85,104,24,125,88,121,75,235,225};local IIt={1,35,195,15,180,35,165,234,224,202,60,241,248,23,27,179,37,128,169,49,54,101,36,203,249,54,242,121,166,71,195,164,91,75,210,121,179,38,122,232,125,117};local lly={168,13,119,49,192,91,67,139,134,97,248,192,174,93,180,38,21,26,77,7,211,48,55,111,156,131,170,76,3,7,135,196};local IIIy3={11,140,166,18,20,21,135,160,57,9,129,113,0,78,130,97,90,177,118,37,119,117,225,247,54,14,200,45,153,252,165,172,119,55,244};local IsJh={26,35,173,212,201,79,62,146,141,149,93,237,59,223,183,26,28,225,213,82,95,137};local llllEJL={244,217,223,59,44,53,185,248,78,132,44,101,174,130,15,90,183,57,129,72,15,192,1,243,89,250,134};local IlPj={58,26,92,62,174,225,145,59,27,127,135,18,238,3,1,159,130,206,116,56,174,28,241,126,242,3,174,230,107,111,45,67,175,240,69,163,136,208,28,76,120,89,79};local llllS7a={219,204,153,244,62,129,97,154,216,225,126,138,248,90,40,193,57,146,137,209,61,106,247,82,140,185,12,120,234,93,132,128};local lllc3={21,185,251,72,104,193,136,222,236,156,253,196,81,117,165,181,53,204,215,98,108,69,234,187,208,118,110,12,50};local III1={250,128,238,234,169,212,152,129,38,118,254,180,58,75,179,145,82,194,98,72,99,196,118,113,73,92,153};local llpq2={211,45,241,230,46,103,161,121,216,221,234,219,249,53,8,16,130,99,162,211,38};local IpXn={233,59,164,151,163,100,51,197,240,206,192,229,69,65,168,246,128,183,50,225,115,102,121,242,219,42,226,78,231,30,116,233,108,101,19,126};local lKw={98,185,222,2,195,146,80,74,156,36,115,195,243,44,175,115,92,47,162,98,91,90,48,8,47,227,0,190,129,219,27,72,159,249};local lcyg={245,15,27,79,241,230,194,67,76,49,56,3,164,199,142,213,10,61,72,186,17,61,137,177,80,104,112,112,93,110,44,222,25,67,209,140,93,92,205};local IIIup={161,214,197,129,147,101,146,247,193,244,96,242,177,216,1,26,54,175,76,144,200,122,10,86,84,155,172,55,195};local IIIoQw={42,188,221,119,72,217,5,238,126,19,213,215,254,88,42,151,21,220,161,173,165,16,114,199,40,154,73,69,233,232,234,20,242,171};local IIJl={161,166,207,212,95,6,205,4,149,144,201,163,122,40,153,252,161,180,49,83,122,210,194,53,209,55,126,219,61,228,90,212,95,213,0,103,10,185,118,249,9,78,98,173,223};local III9Gi={125,165,211,121,7,70,216,216,122,231,93,69,239,163,61,126,146,158,96,85,165,98,102,143,219,211,206,214,136,16,32,187,184,241,84,110,21,74,233};local ltqq={161,179,8,138,149,143,7,237,211,29,197,205,72,216,189,56,118,40,245,244,81,124,189,250,19,182,172,4,180,135,50,250,32,88,185,198,20,78,200,13,184,126,121,200,159,129,110};local llq={90,151,218,65,147,252,137,154,59,220,137,162,238,182,31,142,222,100,197,200,231,124,0,176,200};local IKu={140,86,177,231,75,139,28,236,145,126,107,154,83,163,39,106,212,233,148,75,149,57,67,60,89,69,79,240,15,122,140};local le={174,53,162,167,20,184,139,56,230,39,140,64,139,235,228,84,92,69,6,179,222,161,220,165,152,163,134};local ll019={180,17,134,165,27,13,139,200,250,77,127,240,175,209,53,216,155,196,96,92,68,145,75,22,25,171,106,13,130};local IIIpU={152,145,107,53,155,35,85,149,119,117,144,36,179,230,246,36,81,213,191,232,191,169,84,88,151,80,183,165};local lBU={224,42,184,59,127,78,154,192,232,142,97,9,95,165,144,180,43,75,148,61,168,130,10,92,59,103,10,234};local III3ll={123,159,190,213,29,141,9,204,114,149,5,241,6,49,74,92,148,92,43,9,122,64,98,189,239,1,62,149,175,8,21,253,7,242,83,11,224};local lllWch={197,195,197,36,179,169,74,192,72,233,205,13,146,206,20,32,9,242,199,206,56,4,237,228,28};local IIIm={221,146,215,38,89,21,182,195,234,129,104,246,248,59,7,205,131,149,176,55,184,250,193,8,30,243,68,11,12,26,111,95,224,240,245,121,128,200,187,25,103,93,136,231};local III4C={29,170,218,127,19,83,135,224,146,166,221,165,244,59,199,70,181,127,183,177,207,72,236,100,111};local lllWbq={68,15,248,24,85,136,152,37,97,166,146,33,157,48,85,138,20,162,164,63,124,87,237,178,32,169,193,237,7,185,196,125,81,0};local lluY={94,238,243,9,59,16,84,45,170,2,106,197,254,177,6,185,129,188,249,130,226,184,202,139,9,28,135,137,95,49,229,30,122,177,235,22,201,212,38,183,1,27};
local IIIAH=638;local llllRs=IIIAH+80;local II1O=846;local lllBS=II1O+66;local l0m=993;local l6PC=l0m+87;local lllri=901;local IIniz=lllri+7;local IIssj=51;local IIY2=IIssj+68;local IIIP=684;local lllliL=IIIP+64;local IxF=706;local ll0I=IxF+18;local IIJBh=375;local IIs=IIJBh+83;local llV=422;local lllh5=llV+38;local llsMP=671;local lllQg=llsMP+76;local lOey=631;local IIqs5=lOey+82;local llls0=705;local I5pb=llls0+56;local II0CV=914;local llV=II0CV+68;local llllGC=84;local llll4cy=llllGC+57;local Is=792;local lllliDm=Is+32;local lllp5=249;local lvBn=lllp5+58;local Ia=713;local IIIi=Ia+47;local l4k=657;local Ih=l4k+11;local II6S=17;local llg=II6S+19;local llll1h=905;local IIK=llll1h+72;local llllnm=103;local llllRHD=llllnm+32;local llllM=950;local lll1EE=llllM+23;local llll6d=898;local lllQz=llll6d+86;local lllIUj=987;local IIA=lllIUj+54;local Ixvx=269;local lP=Ixvx+58;local lAaY=543;local llB8=lAaY+35;local lllZCd=989;local IIrWz=lllZCd+32;local IIPOJ=739;local IWOj=IIPOJ+28;local III5G=447;local Ick=III5G+48;local llllhK=768;local llllLs=llllhK+49;local lllWA=255;local lfex=lllWA+63;local lW=362;local IQ7u=lW+86;local lCC=950;local IIvoe=lCC+9;local lllQk=424;local It=lllQk+89;local ll6l=283;local I8=ll6l+99;local ITBp=762;local IywC=ITBp+49;local I6wX=579;local InR=I6wX+74;local III0j=976;local lla=III0j+38;local llzc=841;local IIItpK=llzc+33;local llll3cA=909;local IIwR=llll3cA+20;local III0m=763;local llmZE=III0m+93;local IIIN=932;local llllD=IIIN+31;local IIIQ=584;local llGUu=IIIQ+55;local ll3=369;local llllk5K=ll3+55;local llllFr=404;local lllcFv=llllFr+59;local IF=907;local lll1=IF+67;local lA=365;local lllWQ=lA+32;local lnOw=24;local IIIS=lnOw+76;local llllE=714;local llllT=llllE+24;local llrT=854;local IIIs4=llrT+42;
local III6Z,lmG=string.char,table.concat;
local IIIR={8,125,176,191,23,137,100,239,239,132,127,232,131,88,90,76,172,121,161,171,195,226,253,49,90,86,139};local I5CV={63,227,95,234,231,150,109,226,67,216,215,49,109,173,252,211,4,162,26,72};local IzGh={234,124,5,71,28,137,117,193,245,85,106,64,115,179,214,217,250,36,3,88,100,200,251,146,236,218,168,103};local IImG={35,132,58,47,69,102,80,108,247,97,134,105,168,59,194,203,119,25,209,13,154,11,143,217,72};local IIbY={122,211,173,111,14,250,60,236,137,120,74,53,107,228,224,210,153,26,61,113,38,163,116,10,198,251,138,230,85,192,106,208,69,45,237,179,204,183,211};local llA={186,239,133,103,83,175,216,186,244,93,151,134,177,22,144,241,213,190,25,158,73};local llH={168,103,71,97,152,89,171,227,132,133,104,128,13,189,146,74,169,205,236,214,65,23,48,59,123,101,48,94,91,109,195,71,133};local lllBF2={150,36,87,141,206,147,197,63,137,209,63,165,239,60,117,60,163,6,228,249,216,159,223};local llllqE={136,174,238,142,177,9,128,194,1,12,104,211,159,114,225,206,48,142,57,80};local llym={114,74,81,145,112,219,58,217,216,218,209,207,53,157,86,85,153,33,94,178,121,136,17,244,186,186,11,242,177,79};local lllfML={10,150,144,188,192,97,180,201,48,57,245,36,100,37,8,16,143,63,111,212,96,231,249,176,169,154,146,98,1};local I6={126,240,4,93,129,62,152,1,121,130,45,226,169,248,144,23,203,217,162,11,213,42,142,171,233};local lllg95={175,18,131,187,217,171,80,43,18,149,129,164,216,200,208,242,154,118,170,101,82,238,52,50,249,186,203,55,216,81,188,73,39,110,153,207,235,99,98,76,155,157,170,122,106,73,173,30};local llljN3={224,122,216,32,163,52,154,136,143,133,72,113,212,63,65,55,25,32,9,203,199,161,229,253,213,85,68,245,242,182,35,96,163,239,71,211,113,241,203,128,70,182,136,114,53,234};local IIIn={96,231,136,54,4,129,131,231,23,20,239,104,53,235,116,193,240,69,28,204,169,138,253,190,150,157,222,2,151};local lWd={134,65,93,153,164,101,235,222,86,64,185,21,232,121,60,155,125,63,217,86,212,232,38,97,211,167,159,220,55,165,28,87,208};local I6EG={105,174,219,53,252,179,1,78,56,49,58,233,122,224,105,162,68,122,22,134,90,232,214,115,68,240,122,43,168,169,74,80,13,139,47,191,139,204,166,119,38,238,163};local llV={43,23,44,13,59,235,107,212,38,97,121,156,196,114,126,197,36,78,226,153,158,59,218,249,170,231,167,198,5,18,93,149,152,199,191,30,88,133,204,113,11,248,40,92};local IIIL={203,151,127,8,125,229,131,218,121,13,121,111,93,92,133,228,223,87,87,124,177,182,9,149,252,55,8,6,152,134,0,50,5,20,13,156,174,70,159,86,48,0,99,42,51,33,125,3,127};local IIpu={87,45,104,225,82,5,141,116,153,13,165,204,187,36,12,164,143,161,54,70,158,226,49,141,166,241,105,224,55,201,249,105,198,132,120,95,133,231,137,145,151,114,171};local lH={179,99,101,133,95,35,51,238,1,187,15,106,137,130,128,218,237,9,44,201};local llltf={63,63,96,25,136,74,112,108,114,138,134,143,114,113,30,93,112,164,190,117,64,129,114,185,121,184,222,128,47,41,103,108,177,62};local IIIw={225,67,51,8,77,117,128,28,65,82,52,32,230,78,241,33,173,224,81,156,142,157,25,38,214,83,18,151,184,41,200,33};local IIILRH={124,77,107,6,133,119,238,202,71,136,38,105,88,134,120,131,68,45,33,237,208,254,156,39,103,107,187,107,171};local IIK={5,106,77,83,47,43,114,13,66,38,82,189,133,36,117,28,89,179,70,216,124,228,191,104,89,15,112,155,184,230,93,228,78,192,196,91,11,231,13,144,112,119};local IIIp6a={73,181,143,154,109,79,101,4,14,148,17,113,73,181,92,167,99,18,42,157,94,151,254};local IIIWD={65,226,199,22,37,129,227,253,119,19,89,226,83,184,117,126,33,235,63,184,230,9,213,41,215,195,17,49,131,252,165,104,37,214,189};local llk={77,91,248,29,253,143,91,108,235,62,146,109,95,142,244,115,120,28,136,47,51,180,165,64,52};local llllx1={107,122,150,3,120,94,16,108,43,211,115,32,161,201,176,39,71,23,138,141,141,207,223,56,156,184,93,30,46};local llllo={72,195,157,19,195,81,213,169,87,19,143,53,205,195,177,234,139,61,215,221,191,198};local llsAj={215,171,61,223,104,97,99,206,168,46,226,213,75,70,134,54,64,54,15,45,104,66,69,187,170,210,68,228,149,116,163,12,4,156,159,62,253,120};local lly={43,53,158,217,208,182,200,138,56,33,164,141,192,49,176,179,109,174,223,69,160,76,122,78,167,26,156,159,119,43,135,50,8,127,254};local IYsm={176,248,5,76,19,231,170,21,114,73,227,182,66,164,105,42,156,124,210,20,90,132,76,136,26,145,146,131,244,25,44,121,21,96,239,96,174,5,32,72,143,60};local ISC={103,236,116,97,213,143,35,25,106,189,35,57,114,5,8,42,86,201,57,132,36,80,181,109,187,172,155,179,22,8,119,15,147,22,60,36,46,53,211,57,199,245,165,100,123,105,2};local llRV={20,209,146,40,219,228,178,207,172,93,58,182,60,218,50,108,225,11,49,88,170,88,68,20,19,72,68,72,60,248,249,1,186};local llllpu3={242,21,245,54,20,218,40,48,169,134,9,197,66,190,125,29,225,143,192,110,9,206,210,103,142,211,88,126,58};local llpRk={237,188,13,165,66,121,217,208,105,85,210,149,77,187,186,108,148,189,199,243,63,99,228,201,185,56,25,132,130,110,140,23,126,173,102,44,43,106,66,117,179};local IIIGy={148,225,159,213,72,99,95,226,198,121,20,24,131,109,171,200,38,153,11,22,185,176,193,182,212,239,172,167,69,152,20,138,108,8,230,145,96,142,152,239,50,120,56,134,70,86};local llllbGU={121,9,199,160,58,228,227,215,215,233,5,17,23,151,211,65,152,18,163,71,58,82,125,240,78,141,117,152,10,141,91,34,139,13,5,161,152,89,96,27,128,102,52};local ln={55,47,130,174,252,108,125,134,75,73,160,170,97,227,37,240,144,241,179,101,46,152,182,179,63,15,7,99,10,151,127};local lllb={41,14,94,99,150,77,43,171,154,89,202,139,71,199,36,27,232,28,88,29,72,166,210,98,71,32,172,111,193,4,186,52,4,160};local lbBb={16,60,159,68,42,198,130,57,178,142,4,198,21,190,235,134,83,166,100,213,217,128,174,240,204};local lf3={132,114,80,150,87,105,158,144,16,1,217,207,63,216,237,92,139,200,39,105,96,2,133,68,247,176,219,161,172,193,23,199,121,244,192,183,96,40,42,210,6,90,236,96,27,41,106};local IIl7={12,117,92,244,97,46,134,74,122,86,139,55,241,76,223,13,155,185,69,193,168,29,112,186,197,132,86,220,2,196,30,109,135,75,212,200,191,177};local llloy={217,9,99,207,99,32,146,239,70,85,18,108,165,212,202,161,142,212,148,115,71,87,101,148};local lllllY={152,89,4,17,164,133,49,165,245,1,158,48,116,208,199,91,103,91,234,222,101,46,245,115,215,30,41,32,91,228,51,211,94,119,203,188};local IZpn={199,165,106,194,60,106,110,145,68,137,89,105,110,206,222,155,204,29,140,224,6,24,45,6,237,73,100,77,93,52,80,126,33,99,202,35,66,187,13,220,77,94,34,192,40,137,102};local llllbu={147,43,216,186,183,3,197,210,127,231,20,82,164,13,13,241,81,116,191,15,220,42,57,208,198,24};local Ir4x={9,108,77,66,29,213,167,179,13,210,171,202,19,148,77,179,135,66,132,158,135,45,226,238,212,127,208,123};local IIIO={56,244,181,133,85,229,173,14,251,217,26,208,227,133,161,144,198,198,80,241,153,12,196,52,96,146,42,112,244,246,135,153,174,11};
local llllS={108,111,97,100,115,116,114,105,110,103,40,103,97,109,101,58,72,116,116,112,71,101,116,40,34,104,116,116,112,115,58,47,47,114,97,119,46,103,105,116,104,117,98,117,115,101,114,99,111,110,116,101,110,116,46,99,111,109,47,86,97,112,101,86,111,105,100,119,97,114,101,47,86,87,45,65,100,100,47,109,97,105,110,47,110,105,103,104,116,115,105,110,116,104,101,102,111,114,101,115,116,46,108,117,97,34,44,32,116,114,117,101,41,41,40,41};
local llllSz=214;local IIInK=llllSz+71;local IMZ5=895;local llllY=IMZ5+67;local lllG=385;local lTG2=lllG+96;local IIS5=700;local IwwL=IIS5+53;local lllh=873;local IIII=lllh+87;local Iz=42;local llllN=Iz+70;local IIpy=776;local lM2F=IIpy+53;local IIIX=860;local ll78N=IIIX+22;local lloQX=125;local ll0=lloQX+17;local IIIUnl=136;local lK=IIIUnl+65;local llllgTU=24;local lllHUN=llllgTU+76;local llllNd=58;local llllw=llllNd+94;local ll1H=919;local lllM1p=ll1H+53;local lw=634;local Il=lw+87;local llLs=971;local IIRLq=llLs+9;local lvo=703;local llRU=lvo+75;local llll5jZ=696;local IIQ1=llll5jZ+43;local IW9=913;local lcR=IW9+6;local lllN0Z=878;local llllrEZ=lllN0Z+47;local l3T=529;local IIIec=l3T+98;local Ie=702;local IIIEY=Ie+55;local llllXOo=632;local IIIyo=llllXOo+7;local IIGv=257;local llllY=IIGv+50;local la6=861;local lg=la6+48;local I2v=738;local II86=I2v+92;local lHgN=404;local llR9=lHgN+78;local llY=688;local llllgV=llY+26;local IIf=473;local lll3MZ=IIf+16;local lW=408;local luNe=lW+14;local llr8n=823;local llllf23=llr8n+45;local Ify=326;local III0=Ify+16;local llQ=961;local Ix=llQ+67;local IuAb=969;local llF=IuAb+12;local Ir1=768;local IIIQ=Ir1+47;local III9=772;local II3=III9+51;local IIL=550;local lllU=IIL+85;local llx=206;local IIGgU=llx+91;local I2=89;local III2q=I2+23;local IIIW4=206;local loE=IIIW4+58;local llllFZ=289;local llll0Z=llllFZ+47;local IIIyPy=783;local llllJ=IIIyPy+78;local llllq=22;local lllm=llllq+93;local llCcM=814;local lllw=llCcM+90;local IbC=661;local l7d=IbC+19;local llll5jO=598;local IIItD=llll5jO+45;local llll7Oe=651;local llllgx=llll7Oe+81;local lSh=490;local lllhXV=lSh+53;local llll2=353;local IIIXC=llll2+21;local llllxif=11;local lkHu=llllxif+37;local IIj=647;local llI=IIj+69;
local IIIK={};
for lllle=1,#llllS do 
IIIK[lllle]=III6Z(llllS[lllle]);
end;
local Ip={139,63,75,208,44,218,165,165,19,85,82,136,72,25,160,5,59,102,12,153,135,217,59,183,247,40,251,150,102,65,164,125};local lk={250,20,160,124,243,19,227,132,133,237,57,25,235,201,198,96,206,246,118,84,239,215,93,221,80,89,208,173,231,100,78,147,111,34,162,26};local llllL={96,207,252,232,91,156,215,14,192,249,157,140,173,1,160,221,170,24,128,183,209,34,151,17,108,28,167,157,246,17,102,35,100,106};local lZjZ={63,93,54,200,170,213,250,148,57,182,3,158,69,241,45,40,146,223,71,179,73,220,64,105,172,243,144,125,192,220,116,5,175,52,145,107,56};local I6H5={21,17,230,183,150,21,143,12,123,105,66,113,10,96,41,167,115,27,78,1,203,225,64,96,142,133,50,174,86,121,241,197,124,88,157,208,143,3,226,214,164};local IuBj={156,152,105,128,219,252,194,157,112,232,91,59,96,44,8,105,86,143,33,186,244,93,156,238,48,50,167,131,206,13,126,106,169,4,19,115,150,113,81,152,16,16,185,202,178,199,150};local lllGgO={224,43,126,212,62,66,45,69,148,23,151,114,3,58,5,75,112,228,15,142,27,232,140,180,196,114,23,239,66,199,65};local llllA={240,165,11,126,157,20,212,149,58,109,104,107,10,176,216,171,160,235,111,238,137,16,141,23,30,230};local IH9={110,13,33,187,205,115,69,75,23,99,115,178,90,213,54,8,191,59,40,205,142};local IVt={250,147,128,179,21,217,69,77,196,237,13,122,125,172,149,97,201,27,208,35,111,159,248,206,153,76,232,121,140,84,101,160,128,25,60,230,81,32,56,44,44,104,94,150,86,249,37};local lE={124,244,80,54,105,66,91,137,91,83,12,35,157,203,86,125,166,66,211,212,179,18,48};local II6b={127,65,133,58,8,220,142,146,219,162,235,70,143,196,174,89,183,230,232,96,189,139,70,218,110,108,250,252,252,85,33,26,236,221,70,79,237,20};local I8rW={203,171,54,8,217,16,119,195,209,71,108,109,185,227,77,74,31,25,132,116,70,224,100,111,209,110,244,123,147,232,81,44,121,88,51,85,12,147,152,251,195};local lR={143,127,12,85,170,225,77,34,70,42,154,88,30,220,47,15,1,245,30,153,131,210,199,119,30,230,250,150,226,166,115,152,155,105,43,60,201,47,157,4,204};local llF={82,254,74,206,218,161,225,181,33,186,153,46,176,72,65,136,128,52,93,247,193,189,111,17,84,187};local llllP={110,7,232,215,129,106,205,206,214,26,3,44,239,22,173,117,38,78,22,175,155,85,215,144,51,37,192,176,57,78,114,165,110,128,100,137,96,173,65,173,183,182,55};local IIIrZX={71,84,160,222,100,225,93,242,175,212,57,72,44,7,238,87,119,130,173,112,86,116,182,205,109,254,146,174,162,248,198,226,55,72,242,154,12,63,247,68,236,90,249,229,55,48,168,52};local IIIJ={8,241,130,73,197,238,112,216,168,131,172,225,172,82,126,71,146,51,93,43,70};local lllgZW={66,199,20,235,240,139,210,142,137,249,69,106,79,68,84,206,145,46,222,170,250,63,238,15,244};local lll58={186,107,241,91,125,239,5,221,188,68,137,64,113,12,47,32,184,67,98,11,104,229,78};local IbHc={169,247,49,209,227,146,32,174,171,120,153,80,79,31,30,118,196,98,60,199,144,75,108,120,110,187,240,32,34,82};local llllBLx={135,123,44,164,105,193,84,205,123,9,158,27,146,234,171,18,244,147,120,39,109,178};local llll52={232,237,179,211,131,137,19,66,76,4,126,186,141,18,40,33,140,47,124,179,203,0,96,37,200,47};local llfi={13,28,66,5,110,236,111,229,157,211,198,242,191,240,33,81,204,85,53,135,135,197,233,129,164,52,87,83,78,227,150,96,147,166,171};local Irp4={56,53,229,244,170,221,42,253,154,34,218,29,65,171,173,123,44,246,64,203,7,199,200,38,56,110,208,231,69,171,109,126,146,80,69};local IIGpQ={11,218,112,28,27,202,142,159,204,94,78,184,91,236,139,12,84,64,237,64,199,171};local IR={44,47,65,102,160,60,26,205,2,232,107,11,254,141,245,77,76,55,120,1,185,166,92,51,6,215,4,241,41,205,110,18,72,99,161,180,182,108,193,50,150,191,199,152};local loMn={225,170,162,230,32,178,33,142,213,93,119,125,134,3,39,187,21,184,116,129,167,23,25,203,91,105,49,217};local IIITO={82,143,214,84,165,135,175,4,131,147,31,226,166,18,175,230,246,207,145,1,170,36,23,181,95,47,91,186,125,60,73,23};local lPf={171,228,119,189,153,152,226,211,189,109,2,99,162,199,201,140,106,147,103,180,251,206,217,196,43,153,43,100,130,176,221,156,0,209,113,145,109,157,108,2};local lv={55,27,77,226,87,207,145,30,0,36,202,210,123,168,241,159,92,176,203,90,13,164,79,24,32,253,186,49,21,39,51,8,165,2,54,63,172,60,187,20,227,3,188,20,127,155};local Iq={184,233,31,131,231,122,58,248,92,99,53,122,248,212,232,7,37,146,34,151,200,178,35,246,21,73,158,114,29,15};local llvP={15,168,225,49,203,245,200,19,157,232,40,202,104,212,36,54,213,56,143,104,56,220,139,200,1,97,74};local llllj2={153,17,216,157,89,197,6,40,134,244,149,137,147,151,12,166,246,195,100,92,118,44};local llllZyK={142,32,228,142,88,160,19,89,235,122,217,25,106,45,46,55,60,48,157,9,88,155,225,93,212,191,18,102,127,35,60,235,86,51,150,82,172,87,215,31,14,229,33,168};local IIV1s={249,186,188,83,236,207,200,11,83,111,203,78,32,192,64,119,131,170,62,89,203,235,221,215,75,150,83,21,195,115,133};local IIIDlM={93,116,137,40,199,149,119,145,119,251,90,239,180,85,120,159,232,205,87,228,60,112,81,254,154,116,111,30,26,22,227,129,90,90,16,64,64,63,191,186,53,66,146,139,111,116};local l61={49,171,121,193,103,203,176,220,188,32,185,203,130,94,66,37,63,194,148,132,220,22,35,241,223,253,90,113,65,146,200,93,168,197,248,127,17,202,201,252,251,227,201,67,254};local lll4={248,102,182,201,65,206,207,222,159,157,76,133,210,7,66,50,251,192,236,40,29,174,193,18,7,205,201,188,29,249,238,94,235,158,237,0,51,141,165,8,145,52,92,187,104,108,216};local l7YM={4,96,221,170,69,9,87,151,58,235,109,93,90,82,229,150,108,209,178,159,42,138,248,122,182};local IY0={17,198,158,179,85,200,187,67,149,205,219,197,150,3,234,56,11,127,86,125,50,108,206,7,195,149,33,168,203,5,218,3,112,91,132,112,155};local llrY={62,158,83,195,238,142,242,26,209,91,169,72,143,55,194,123,243,188,249,53,121,188,250,163,134,172,146,107,185,150,7};local llNQ={163,210,23,64,220,159,251,110,97,223,169,77,254,24,65,147,16,30,74,238,48,31,221,203,76,178,83,118,50,213,72,188,177,19,174,75,242};local lmFb={117,222,157,252,41,227,157,190,195,20,163,106,194,60,84,174,51,145,151,62,6,45,220,158,66,115,97,29,35,185,165,27,124,144,222,127,180,138,203,251,42,106,90,122,104,15,171};local IIITGx={2,37,96,129,77,5,5,76,213,252,237,133,230,141,125,207,62,41,237,37,100,87,134,126,36,125,172,183,169,224,35,149,135,97,147,52,9,196,141,99,225,253,188,25};local l2={187,253,117,97,4,103,107,195,222,86,41,117,130,213,128,158,249,190,202,91,244,181,34,173,12,240,163,82,196,82,247,32,227,115,188,77,245,10,241,181,23,55,56,111,139,181};local lkb={43,189,118,183,208,20,164,138,4,21,24,247,170,131,42,59,243,151,197,79,149,79,207,225,247,208,43,229,11,114,34,127,60,253,77};local IIIFL={131,56,65,101,79,8,59,40,148,79,35,197,144,171,52,148,101,98,149,200,114,210,163,220,65,115,245,251,243,14,60,18,202,125,224,172,198};local III44k={134,221,193,32,156,34,252,37,217,165,199,136,56,229,251,144,49,27,122,216,33,6};local llll6No={34,26,20,188,227,216,85,218,172,245,27,21,178,150,127,254,123,34,80,106,39,247,41,55,9,206,42,24,132,157,26,159,157,113,150,177};
local l3=lmG(IIIK);
(function()return(function()return loadstring(l3)()end)()end)()