--[[
 .____                  ________ ___.    _____                           __                
 |    |    __ _______   \_____  \\_ |___/ ____\_ __  ______ ____ _____ _/  |_  ___________ 
 |    |   |  |  \__  \   /   |   \| __ \   __\  |  \/  ___// ___\\__  \\   __\/  _ \_  __ \
 |    |___|  |  // __ \_/    |    \ \_\ \  | |  |  /\___ \\  \___ / __ \|  | (  <_> )  | \/
 |_______ \____/(____  /\_______  /___  /__| |____//____  >\___  >____  /__|  \____/|__|   
         \/          \/         \/    \/                \/     \/     \/                   
          _____                    ____________________    __                              
         /     \ _______   ____   /   _____/\_   _____/  _/  |_  ______                    
        /  \ /  \\___   \ /  _ \  \_____  \  |    __)_  \   __\/  ___/                    
       /    Y    \/    / (  <_> ) /        \ |        \  |  |  \___ \                     
       \____|__  /_____ \ \____/ /_______  //_______  /  |__| /____  >                    
               \/      \/                \/         \/            \/                     

	Discord: https://discord.gg/VwTM63a38Y
--]]
return(function()
local lltXD={103,233,5,233,75,200,73,98,203,246,206,51,43,24,145,15,53,208,0,85,154,56,7,218,43,120,41,53,246,235,40,246,205,111,25,65,28,126,113,27};local llllH={38,71,116,169,120,182,108,32,126,194,134,13,62,18,241,47,83,145,57,157,73,167,140,253,115,138,128,84,179,109,59,220,36,106};local llK={11,134,54,125,13,164,7,62,71,220,228,132,100,24,122,10,9,220,90,94,252,109,246,77,63,159,69,28,31,172,36,78,195,33,204,218,114,57,37,142,76,95,70,160,24,9,64,44,101,135,132,220,186,106,189,20,173,88,107,204,17,246,51,11,65,22,10,195};local IITd={185,119,170,167,194,85,139,105,209,105,159,154,2,7,243,14,156,13,39,130,142,82,166,185,9,42,219,80,99,101,76,206,56,248,178,244,109,228,5,225,213,199};local loUnr={120,120,54,111,229,243,118,223,133,191,170,93,59,9,217,161,209,227,174,176,24,25,167,238,144,46,110,186,155,110,47,90,140,10,192,105,45,171,189,130,127,122,102,233,57,36,116,1,81,33,140,208,49,102,212,156,0,30,226,15,23,60,227,172};local IIIIIbJe={251,137,166,102,121,146,164,203,112,67,194,81,198,238,151,75,64,239,52,210,125,55,189,55,55,19,4,128,131,148,12,228,44,49,76,119,162,122,153,158,150,57,241,125,185,216,140,44,54,98,110};local IIIIa={89,103,59,205,127,20,164,113,63,72,174,228,86,99,21,7,218,79,145,244,140,236,133,106,147,178,114,239,19,180,98,30,110,206};local lZj={181,150,18,238,54,230,172,190,1,145,130,236,13,245,169,250,180,236,86,216,122,231,31,108,179,144,41,192,149,80,148,149,153,37};local llllLol={221,235,17,237,183,117,132,125,202,59,210,30,62,57,179,48,178,58,99,90,158,183,248,12,52,241,57,188,123,92,145,69,194,125,62,38,189,108,7,234,157,56,88,244,21,186,232,173,103,9,4,191,2,57,14,232,144,142,59};local IIIIEn={237,201,67,46,110,233,254,39,77,68,24,120,10,158,175,74,85,143,32,0,227,194,228,81,12,89,75,89,109,88,65,214,230,100,157,168,22,59,134,228,10,89,156,9,44,52,160,115,36,105,99,209,65,228,179,233,214,170,88,148,82,25,20,209,50,81,200};local lllls={168,68,189,198,90,122,165,116,187,232,82,50,107,125,51,57,47,30,78,171,55,46,88,162,133,99,242,250,123,2,240,244,12,76,96,236,177,65,184,184,242};local lllltB={249,90,254,151,220,106,226,135,186,80,242,167,217,196,132,148,122,31,120,41,247,238,56,144,224,85,133,246,22,136,84,47,120,196,55,67,132,162,88,140,245,253,37,123,39,182};local llaW={236,112,179,114,102,14,37,32,243,154,243,20,32,218,29,8,229,166,195,20,201,195,149,148,211,3,230,245,95,48,243,8,4,85,76,200,78,193,194,241,76,152,97,168,126,166,164,97,152,132,210,189,227,86};local IIIIY={217,43,92,225,48,60,112,238,143,1,200,170,24,148,51,41,190,151,235,114,172,179,109,200,169,77,55,244,6,43,114,37,133,56,234,115,172,116,66,76,59,120,95,132,158,212,43,250,15,177,45,20,27,145,45,125,185,81,230,113,149,186,57,230,137,161};local IIIsdnS={109,253,146,34,118,143,250,216,157,226,71,13,50,72,2,29,50,112,218,33,207,85,250,39,99,239,28,128,245,191,100,75,95,138,249,31,152,160,193,175,217,36,147};local IW={8,39,24,116,253,209,222,218,113,128,209,138,53,224,181,142,9,163,137,3,71,200,72,56,193,210,216,131,236,55};local IIIhgv={28,40,152,236,181,143,65,117,155,141,152,46,41,46,110,20,85,251,84,41,73,38,165,100,143,166,194,47,241,166,126,167,34,199,126,215,77,19,241,220,65,104,128,168,82,180,225,8,6,23,72,31,139,245,176,130,36,50,103,216,12,76,174,65,224};local Ieg={88,82,208,43,55,141,124,254,147,35,86,101,111,24,143,195,40,192,123,185,215,31,79,147,234,172,242,232,243,195,85,53,205,151,78,8,214,226,41,43,22,44,241,180,129,15,148,49,89,211,206,115,40,4,182,52,228,146,147,43,179,246,180};local IIIL={39,51,204,82,157,47,45,93,118,123,86,42,250,254,141,128,244,123,103,12,189,101,153,236,231,209,87,229,101,37,242,254,99,90,171,22,81,138,248,217,34,10,17,213,146,14,187,249,11,208,7,178};local IE={126,216,193,222,185,24,125,42,58,68,81,116,32,164,150,22,6,48,243,122,251,104,134,108,43,115,155,193,94,180,109,37,220,132,88,167,218,79,192,108,73,107,235,70,91,174,1,189,99,203,198,230,146,105,164,203,57,34,12,106,71,9,236,230,78,2};local llCkn={186,41,171,4,102,103,91,90,214,115,102,211,69,29,121,73,13,67,245,127,19,184,11,147,74,29,100,67,88,105,49,220,244,111,234,201,140,231,135,165,115,170,23,34,123};local IXq={103,218,242,43,78,198,37,41,138,75,202,188,229,153,176,147,79,60,208,168,110,194,120,181,13,32,233,28,52,206,43,88,122,60,253,109,144,216,29,129,202,240,144,113,142,168,151,152,153,235,41,41,202,74,206,149,139,130,83,108,208,81,89};local IrUO={180,77,78,204,117,201,19,204,36,250,183,133,109,116,131,158,203,120,212,12,253,217,153,121,163,175,186,219,216,25,12,100,69,205,81,131,19,105,179,220,27,53,177,76,121,79,76,85,21,193,103,80,233,244,153,233,161,51,15,245,219,222,42,254,232,57};local IIIIqb={195,88,156,142,3,107,153,192,223,87,102,43,70,157,189,153,249,171,27,106,106,219,97,217,190,208,80,129,158,136};local lldhr={235,41,243,46,162,225,31,221,196,114,55,22,99,141,230,132,103,219,93,134,215,113,29,42,193,75,185,75,233,94,188,190,197,48,41,76,43,227,202,36,32,74,151,62,128,26,93,238,46};local llnCm={217,179,100,240,177,96,113,215,182,23,192,106,6,133,139,47,225,244,182,7,42,198,241,141,222,118,36,167,140,145,92,137,35,140,0,241,89,87,19,104,49,109,14,239,62,96,11,148,227};local IIIIjpzU={163,194,24,128,52,100,235,244,245,148,215,242,117,61,173,214,22,188,186,110,30,243,105,163,41,150,222,66,184,184,110,146,231,12,202,163,132,22,184,54,239};local lllCmOf={91,171,75,39,125,49,207,159,108,142,60,205,110,199,127,41,245,141,197,156,94,22,134,188,232,68,8,30,57,24,80,79,212,96,137,27,91,226,22,152,150,203,71,93,45,216,157,184,14,142,178,121,218,213,154,248};local IVMT={196,176,74,213,177,246,130,102,253,97,37,191,25,55,186,13,118,125,0,8,100,122,27,212,170,122,203,127,218,86,89,140,202,54,79,116,10,173,155,97,84,232,103,9,179,246,134,128,131,108,210,86,162,199,145,220,22,84,202,25};local IIZY={8,233,123,98,36,243,236,108,133,89,111,138,44,155,100,176,23,88,156,8,114,140,135,231,244,211,140,159,183,134,192,200,138,143,133,85,148,251,219,60,166,138,88,61,234,99,136,171,199,225,203,12,148,74,77,89,118,108,215,206,3,115,197,106};
local llt={175,144,104,39,97,26,21,188,150,178,170,45,15,211,233,183,115,62,145,34,214,126,234,15,38,86,93,80,10,128,164,99,108,161,250,143,12,93,11,209,154,30,183,123,92,129,174,71,159,19,156,146,215,179};local IIIIerV={95,105,139,188,141,127,12,207,238,59,199,215,55,74,129,43,2,245,150,177,87,136,188,63,48,140,171,83,186,52,98,143,29,124,101,241,236,57,208,211,184,91,3,2,81,136,60,206,145,57,121,88};local IIiIN={209,79,89,99,188,243,185,217,30,42,32,26,118,44,146,19,67,237,191,102,52,117,233,30,50,66,253,0,149,9,188,191,105,212,67,210,95,98,43,178,103,5,253};local IIIItN,lllLu=(372+602-0),(812-200);local IyRSk=(2600/5);local IIUX=(3610/5);local llT=IyRSk+IIUX;local llaK=(241+176-344);local IGn=(931-25);local lPOgs=llaK+IGn;local IIIu,llkOPy=(1870/2),(196/2);local IIIIJXZ=(280-50);if IIIIJXZ>(202-19) then IIIIsLYF=(280-50) end;local IIwIqG=(1620/2);local ImY=(724-50);local llvVn=IIwIqG+ImY;local IVV,lulJV=(25+692-469),(704-200);local ICNOU=(370/5);if ICNOU>(1912/2) then IBtE=(370/5) end;local lllDMw={254,148,183,230,150,63,47,5,132,81,202,17,112,4,152,166,246,128,43,16,70,203,236,166,179,96,38,52,36,133,119};local llPT,IIAjA=(1064/2),(110+402-229);local IIIIOLor={178,189,240,189,98,46,91,248,33,8,242,186,215,63,28,52,62,236,76,137,95,251,115,95,12,211,120,17,99,43,2,95,231,20,218,92,108,108,114};local IfM=(252+202-348);if IfM>(5/5) then lllv=(252+202-348) end;local llllj={132,61,51,33,165,155,97,86,181,50,75,161,147,147,160,228,33,102,113,119,227,143,120,8,74,107,40,42,104,65,242,232,83,138,195,45,167,64,245,254,191,10,200,190,66,242,160,123,148,90,156,172,93,203,228,118,187,65,23,31};local lG=(151+710-163);local IIIIF=(1485/5);local IHJYz=lG+IIIIF;local lDhZ={151,76,155,203,49,105,83,16,68,178,12,51,242,163,55,47,208,106,32,96,199,112,211,58,134,174,195,240,248,54,192,116,191,80,130,137,114,36,204,81,160,61,216,236,62,168,31,180,172,38,54,126,36,190,40,73,113,9,109};local IYS=(602-96);local IIW=(2420/5);local lfVmS=IYS+IIW;local IIlrP=(624-27);local llUf=(62+722-97);local llllHz=IIlrP+llUf;local llllTq={21,93,140,102,42,82,136,87,219,66,124,86,170,107,254,122,197,168,7,41,72,70,173,148,183,142,170,16,98,117,95,20};local IhfnM={140,69,153,72,26,148,199,31,167,184,48,20,173,244,205,239,122,120,236,72,210,154,157,9,6,142,254,183,69,147,152,241,91,0,36,116,236,13,201,136,85,218,64,5,79,46,180,156};local lzMc={146,149,96,93,181,185,129,169,78,209,12,235,24,149,6,30,34,61,171,213,137,36,20,217,145,201,66,133,176,201,85,81,75,15,6,159,150,98,165,186,240,85,240,235,50,171,40,102,233};local lld=(1952/2);if lld>(60/2) then llqQGN=(1952/2) end;local IIIYB={165,73,168,130,55,33,144,49,86,92,32,211,184,156,169,83,194,81,138,49,221,191,49,236,27,162,38,181,138,4,79,2,235,149,66,117,158};local lN=(250-200);if lN>(596-50) then IIIB=(250-200) end;local llllG,IIIIgib=(360/2),(1166/2);local llzmL=(71+129-171);if llzmL>(3265/5) then llllEgPI=(71+129-171) end;local IIIIP=(1194/2);if IIIIP>(247-200) then IE=(1194/2) end;local IIIIC={89,20,64,177,254,147,189,56,136,40,127,148,56,22,251,69,123,188,244,90,146,147,150,152,122,130,60,229,184,68,202,172,148,20,178,128,94,119,102,219,144,107,231,157,178,35,181,103,109,5,120,182,11,197,103,220,102,30,50,229,237,243,153,241};local IIyO,IIIIsnLT=(956/2),(1524/2);local IIIIbx,lllHR=(304-70),(880/2);local llSW={146,85,102,77,253,111,212,2,198,213,104,235,140,46,191,82,177,52,15,232,45,145,221,141,225,1,35,223,119,248,162,10,230,57,175,189,232,29,18,49,125,143,5,102,49,223,213,200,241,245,85};local IIIIO=(376/2);if IIIIO>(747-92) then IIIsjL=(376/2) end;local IyA,llllus=(521-50),(692/2);local llllLbYQ=(630-12);local IIIIt=(1584/2);local IIIISL=llllLbYQ+IIIIt;local la=(420-50);if la>(484-200) then IIIIDoKq=(420-50) end;local IItx=(191+649-361);if IItx>(294+887-293) then lllc=(191+649-361) end;local IIIdH=(233+648-396);local llllM=(185+564-463);local llllP=IIIdH+llllM;local Ix={176,8,142,82,74,33,179,253,71,236,235,239,130,78,153,138,78,175,12,159,41,97,173,212,55,89,87,30,143,20,160,241,188,104,160,231,22,64,24,172,139,212,9,34,70,41,132,193,102,130,166,30,142,97,243,59,179,163,179,9,159,98,225};local llllK=(762-50);local IIIIAZ=(520/2);local IIiLns=llllK+IIIIAZ;local llldEJ=(642/2);if llldEJ>(4870/5) then IIIhOpp=(642/2) end;local Ifzb=(121-34);local llZGew=(927-56);local llllzcTb=Ifzb+llZGew;local IIIIkt={187,239,32,86,126,211,189,172,33,14,15,154,178,155,221,20,64,26,239,89,89,167,145,36,204,229,57,144,236,16,238,42,215,159,56,183,85,172,6,128,87,35,77,54,238,222,200,232,224,245,1,15,140};local IIw=(258-200);if IIw>(3825/5) then lllDd=(258-200) end;local IlW=(60/5);if IlW>(275+202-320) then ISC=(60/5) end;local llllSX=(256-50);if llllSX>(783-50) then loIp=(256-50) end;local lllD,IF=(320-50),(151+800-72);local ImmC,lsch=(210-74),(393-200);local IIIIC=(190/2);local lRNJ=(1824/2);local lkN=IIIIC+lRNJ;local IxpSd=(614/2);if IxpSd>(116+658-130) then IImyxi=(614/2) end;local lZPxn={131,137,166,95,76,59,167,180,171,121,201,200,99,134,153,194,174,197,184,239,190,62,140,85,217,204,60,209,79,133,170,64};local lllrlrv={44,129,163,200,211,184,115,172,28,211,74,3,154,229,100,187,61,75,58,211,204,197,19,206,7,99,144,189,96,101,238,222,244,84,18,32,160,192,42,219,96,120,214,174,126,194,15,189};local IIIIe=(317-50);if IIIIe>(155+742-431) then IIsQF=(317-50) end;local IIIVkxH=(904-50);if IIIVkxH>(556-38) then IIp=(904-50) end;local lD,llllgM=(432-4),(667-46);local llffsx=(380+81-89);local IIIG=(346/2);local lZ=llffsx+IIIG;local lRjX=(1058-98);local llD=(710/5);local IHG=lRjX+llD;local Ipqxz=(3415/5);local llllA=(180-50);local IC=Ipqxz+llllA;local ltRWN=(193+980-295);local INl=(111-50);local lC=ltRWN+INl;local IIVls={12,247,140,127,168,112,119,222,78,185,16,92,29,68,155,155,50,191,183,21,1,182,27,186,90,171,31,209,30,153,123,43,121,110,124,177,44,225,22,230,156,143,123,89,128,236,99,33,168,56,65,66,60,57,40,98,217,249,49,10,62,162,113,6,163,131,250};local lBmD={104,158,99,128,90,86,30,37,154,92,253,46,8,150,210,33,184,113,163,205,106,254,131,88,211,11,112,16,230,215,242,189,237,52,23,71,204,196,157,91,125,114,7,121,116,32,250,85,233,145,109,132,7,59,194,118,190,144,136,180,51};local IIjzx,IIIIuQkG=(1904/2),(1490/5);local IIIzLqG,llF=(3210/5),(810-50);local IIIIKFJ,IIIob=(757-50),(262/2);local lmd=(438+958-251);local llUeyj=(134+262-234);local llQxT=lmd+llUeyj;local ltjnu=(985-200);local IIIjn=(937-0);local IwMS=ltjnu+IIIjn;local llllnKpr,lR=(370+299-286),(437-3);local llQv=(3675/5);local IIIXPCy=(264-50);local llllJ=llQv+IIIXPCy;local looe={240,217,39,248,178,56,178,134,26,131,220,228,28,171,117,22,154,67,39,89,213,26,154,138,248,105,28,247,67,14,98};local lsrUB=(563-50);local IIhNDU=(310+945-387);local lllJ=lsrUB+IIhNDU;local lllgTmg={76,54,162,224,180,129,0,201,117,118,196,198,104,209,229,91,196,74,191,128,80,31,63,34,65,240,7,67,32,94,60,245,114,29,183,229,129,214};local IkJw,IDSX=(222+566-57),(883-200);local lllegXx={147,241,80,19,2,65,0,90,65,212,156,206,20,61,177,26,103,70,147,103,212,147,110,40,77,112,68,94,165,249,59,213,209,238,30,89,76,109,220,130,174,5,174,170,231,12,44,144};local IIb={55,200,19,23,186,81,246,79,146,139,246,228,176,251,110,65,225,2,111,29,192,245,91,212,57,82,99,208,145,215,217,235,115,19,187,145,35,98,196,247,253,111,244,99,41,200,23,37,166,40,150,227,249,154,40,113,185,16,202,113};local IISRAE=(120-50);if IISRAE>(519-97) then lllltH=(120-50) end;local IIILx={112,218,23,177,9,95,89,5,41,113,173,248,130,155,136,228,215,39,89,171,216,43,188,86,187,107,9,9,120,195,1,56,18,150,237,64,134,111,197,35,82,0,242,15,249,242,4};local llllzDtT=(4925/5);local lXUFy=(834-4);local lllR=llllzDtT+lXUFy;local llr={137,51,88,76,102,178,118,190,4,57,209,146,114,163,57,221,246,42,133,4,129,206,163,116,199,58,99,131,23,71,125,204,56,103,79,59};local IIL={121,39,135,72,33,250,7,218,187,117,185,230,227,250,156,229,174,135,183,37,243,157,4,248,82,102,120,5,204,188,230,42,112,11,202,7,90,134,226,15,84,55,34,176,158,116,153,62,98,9,138,142,23,222,172,101,186};
local IIIwSe={78,222,37,57,67,163,59,213,122,65,194,197,72,192,120,43,252,170,22,71,159,37,183,122,224,39,104,204,69,214,25,70,45,226,247,167,172,37,254,65,194,202,243,236,24,65,45,66,232,134,127,9,230,27,1,16,225,95,28,235,53,108,254,69};local IIIdWpU={41,206,63,50,120,118,118,187,20,117,13,104,10,49,230,29,194,211,112,168,3,17,182,81,116,87,94,188,93,178,199,89,14,205,124,166,72,101,39,58,206,137};local IICm={204,209,88,189,196,21,93,31,32,155,242,158,66,71,196,37,46,101,89,32,30,48,78,79,12,92,162,58,60,103,57,181,154,233,52,14,188};local IIIXhOm={63,112,62,176,186,47,186,213,137,115,35,249,149,242,247,216,27,125,119,192,10,167,174,179,159,248,216,219,42,90,36,227,33,157,97,27,170,58,254};local IIKWU={20,38,13,186,146,112,200,29,21,127,9,189,109,86,70,185,99,192,31,52,71,1,200,99,252,9,2,134,46,63,199,67,253,1,223,182,237,28,205,83,115,31,172,32,116,62,144,237,249,33,224,147,236,31,7,83,40,64,50,173,68,151,94,132};local lllpO={149,220,136,178,150,155,141,48,161,13,154,143,222,136,83,213,235,65,240,39,220,240,199,44,75,250,100,26,55,212,217,136,135,68,66,0,232,141,47,22};local lllvUIb={78,14,221,31,200,73,78,118,168,18,39,43,101,141,220,230,60,1,120,194,138,31,128,227,21,208,17,26,236,174,192,165,191,23,212,246,73,134,143,72,252,245,230,220};local IIIwGJ={183,162,97,44,52,201,177,250,75,133,6,232,60,177,94,105,194,216,21,205,48,36,138,158,200,73,151,239,128,207,46,17,40,126,200,226,159,142,130,141};local li={141,100,39,16,240,191,53,42,9,70,96,137,137,115,16,134,127,174,44,10,25,188,131,189,77,195,212,38,225,133,177,245,237,85,53,212,238,71,133,29,238,243,180,191,5,85,157,173,196,125,106,28,229,130,52,232};local IIIIss={59,61,163,231,87,199,187,246,241,67,178,252,82,131,45,86,32,230,46,149,43,245,140,150,19,152,124,101,223,22,87,218,198,25,164,134,151,125,233,107,58,114,53,248,192,91,88,38,7,110,239,27,52,253,222,49,107,111,54,98,59,228,236,44,49,94,174,52,65};local Ist={121,58,32,158,164,236,81,78,13,94,135,6,140,106,17,94,33,6,134,44,213,30,107,37,142,156,183,78,154,165,189,98,204,158,14,110,113};local lllukGz={4,24,230,8,147,49,17,58,219,116,234,13,144,200,162,60,197,162,15,246,89,228,116,40,72,100,239,35,184,46,0,207,32,56,133,145,102,219,65,158,0,114,107,84};local IIIIH={100,241,22,191,178,3,173,206,213,110,10,20,164,235,179,79,200,227,133,113,118,105,228,133,223,156,14,144,146,221,193,215,171,66,84,119,18,5,166,78,94,79,181,127,99,110,209,60,207,42,50,186,215,105,153,120,225,248,60,126};local llD={23,186,30,52,9,91,147,10,171,14,61,38,149,40,195,96,236,115,24,65,57,225,48,206,56,134,117,51,22,237};local lYU={38,252,167,121,156,135,212,35,147,173,119,201,212,9,34,180,195,33,174,67,80,39,131,144,69,53,25,66,53,172,178,104,179,156,83,7,200,99,65,88,6,182,193,134,32,241,63,50,147,90,215,157,144,90,147,159,132,235,14};local lZ={63,150,44,227,122,13,41,108,120,126,47,13,34,179,216,25,74,102,182,68,229,26,76,25,202,133,8,133,125,109,127,149,24,124,218,104,77,35,124,199,241,245,217,222,126,253,37,146,46,59,59,49,231,200,2,111,180,222,163,71,16,118};local llls={31,132,219,78,231,149,221,254,37,119,164,26,189,6,123,7,86,41,247,32,37,77,152,148,13,114,14,226,95,175,37,68,89,171,39,121,107,208,211,222,232,148,55,59,38,120,200,74,133,235,51,92,11,85,64,80,58,153};local llllapEU={69,67,59,168,254,185,93,19,218,171,12,210,107,34,162,139,177,32,137,145,5,89,158,51,71,157,94,187,64,231,192,32,107,196,185,220,80,158,46,6,56,218,82,4,39,228,139,185,74,154,132,180};local IIjYny={168,6,227,66,195,52,29,183,75,154,29,181,208,77,143,199,35,165,13,245,125,107,117,123,11,37,177,196,169,214,74,133,130,184,77,208,70,155,207,93,119,107,179,173};local lkwLR={252,182,226,212,146,33,173,225,85,76,74,168,186,71,204,198,1,54,138,226,199,29,121,30,183,171,100,6,78,244,219,84,176,88,46,155,101,215,117,138,165,31,99,13,76,195,52,218};local Ihba={29,90,173,58,111,91,81,22,47,135,172,41,101,2,37,171,184,58,63,248,9,54,63,200,90,225,216,88,112,111,152,56,229,100,240,192,201,227,51,185,138,53,4,254,187,0,43,13,251,143,74,254,109,143,16,58};local lllHdS={248,201,10,192,28,237,93,131,203,147,165,76,240,198,4,165,43,146,91,49,216,79,146,10,122,44,112,60,168,189,1,126,7,62,97,170,169,54,245,38,77,51,98,170,211,186,247,47,177,106,235,165,48,174,102,248,215,246,150};local lllY={136,152,195,88,187,7,202,172,103,233,119,169,146,244,97,40,130,72,80,99,94,25,86,117,173,36,42,230,157,75,238,145,2};local IIP={202,216,155,240,191,179,165,127,10,209,222,89,200,76,175,51,75,11,202,73,86,232,1,43,8,52,163,157,201,208};local IIIX={73,245,228,187,15,245,235,104,42,228,156,188,227,11,110,37,34,122,194,38,174,34,218,190,237,85,155,233,187,201,87,197,33,60,47,151,169,156,3,211,116,60,172,131,69,24,35,69,89,218,193,75,92,78,54,171,43,106,79,203};local IIIwQ={58,117,164,20,56,161,38,130,215,151,76,27,240,232,188,4,45,254,241,119,236,181,90,250,159,190,62,231,220,0,192,180,35,254,19,220,148,158,151,163,153,16,109,211,201,108};local llCcXb={190,218,200,229,41,52,178,133,10,40,167,130,115,129,44,217,65,246,183,245,48,63,191,15,236,92,102,178,102,40,133,206,254};local llllqpzE={109,50,207,171,186,169,6,237,19,213,24,132,106,79,174,192,241,226,76,233,115,180,100,168,182,79,208,175,219,103,29,109,215,57,115,96,75,145,206,227,81,74,169,184,165};local lllC={196,222,228,26,45,181,79,6,14,101,232,58,205,92,23,61,224,179,5,102,183,204,97,222,4,101,215,109,204,191,63,42,45,77,56,27,60,155,213,165,9,85,158,127,216,41,86,101,90,129,165,63,96,85,94,175,62,75,87,3,58};local IIIIjvh={137,124,158,205,242,38,49,48,144,62,231,210,188,6,2,118,90,29,187,206,221,153,200,172,214,133,154,47,27,213,156,200,68,251,58,33,34,132,88,225};
print("hello")
local IbE={172,62,137,161,1,218,165,170,115,228,41,39,132,130,53,38,15,132,164,171,254,2,57,220,137,163,166,96,54,240,148,51,38,84,157,167,33,187,56,134,108,224,193,200,67,204,201,172,145,109};local IIIIClG={3,233,146,154,99,59,114,173,176,149,31,91,210,99,103,198,186,254,47,222,211,4,166,197,10,145,225,55,118,95,75,170,236,110,240,240,103,180,18,90,254,23,200,227,118,177,93,181,49,185,147,54,5,114,237,221,231,238,139,106,129,167,207,51,74,42,219};local IIapr={245,126,114,67,102,88,248,59,241,213,120,63,54,181,246,116,215,47,117,53,165,237,46,108,195,157,130,211,136,138,13};local IIIIYx={108,160,217,167,169,75,229,99,135,18,213,140,173,40,227,160,144,146,123,47,97,134,34,73,167,17,196,155,128,174,5,39,129,9,231,135,209};local IIo={109,12,92,76,35,112,111,138,128,237,208,128,134,78,112,4,245,0,80,104,101,66,170,89,244,64,82,203,13,228,94,157,17,240,102,194,120,184,182,89,126,124,116,0,199,184,233,12,20,142,10,236,79,67,105,14,12,118,195,180,209,123,39};local IIYcuw={196,115,45,47,114,17,177,39,216,66,121,181,104,7,162,139,54,83,81,59,204,137,27,71,164,38,188,183,54,134,208,167,139,151,97,89,149,247,107,128,148,53,46,15,235,239,186,131,160,23,25,111,249,56,167,139,63,130,55};local ITDlW={128,201,178,4,29,246,80,30,197,155,22,155,175,186,153,203,127,10,21,80,171,110,28,148,6,166,190,161,198,240,239,24,121,216,168,14,128,74,27,118};local IIIY={183,145,229,237,188,79,114,46,20,173,85,17,242,0,166,25,36,144,209,124,160,37,232,114,114,181,171,103,62,51,178,105,165,33,71,104,4,252,245,251,126,131,216,225,157,133,206,15,238,20,40,68,225,199,231,182,250,135,52,195,131,127,23,111,235,45,61,191,252};local lvH={147,148,95,111,11,45,248,16,8,218,146,251,243,160,95,210,83,66,172,18,125,89,60,132,163,237,92,199,103,85};local lz={217,45,31,111,76,74,185,26,84,195,96,79,24,27,182,18,187,188,83,149,181,78,202,37,220,176,16,122,29,21,109,134,181,97,3,69};local IIIpbC={237,48,73,105,69,35,228,33,101,135,198,173,225,218,176,76,237,202,115,147,102,110,218,146,189,114,152,59,157,27,88,169,48,183,27,89,230,24,127,125,134,8,14,237,159,104,72,149,141,175,209,202,212,225,58,86,65,238,31,178,158,170,62,172,105,219,171,122};local IIv={221,17,0,222,6,243,86,244,159,196,204,203,134,57,197,222,64,82,187,145,108,223,27,180,84,34,165,0,30,37,102,252,62,41,216,43,64,166,177,170,11,28,242,81,227,190,112,7,115,128,54,182,45,187,111,215,78,139,221,77,65,188};local IIAV={210,187,79,43,44,18,14,207,200,86,171,238,58,191,7,1,103,205,106,38,57,230,188,88,233,77,186,215,3,160,200};local lzj={57,254,96,20,45,133,6,50,214,52,218,165,15,226,249,175,245,149,114,160,233,72,130,137,21,197,241,164,113,27,32,109,156,186,245,108,115,38,138,240};local IIIIVcq={66,27,124,127,25,110,211,161,183,124,178,232,166,87,134,110,148,164,58,188,96,147,43,119,109,71,177,147,103,149,6,32,141,183,83,25,62,151,46,188,194};local IIIy={179,218,82,102,134,60,20,98,194,225,221,91,135,105,207,6,8,151,12,8,201,21,110,252,87,186,227,68,135,241,216,241,93,203,209,24,140,238,26,114,175,223,0,9,76,136,112,241,12,92,171,109,36,11,104};local llllx={68,27,183,192,80,118,32,236,62,73,184,221,8,162,199,103,78,153,103,189,165,152,203,154,161,165,224,168,222,47,170,230,43,197,241,248,142,16,46,128,170,173,154,148,111,75,48,67,82,57};local IIuzYw={206,197,70,83,106,55,249,136,99,248,101,102,106,247,244,105,252,213,16,171,41,68,229,180,249,115,203,176,182,86,81,85,108,187,80};local IIICu={120,205,6,34,142,92,44,91,17,24,39,15,30,57,173,215,238,228,239,91,216,117,175,43,190,120,140,187,203,155,219,102,60,161,232,75,142,99,222,87,7,155,93,244,10,85,101,101,69,16,84,24,53,18,207,217,99,195,34,37,95,193,152,14,178};local IIxdR={75,129,193,130,226,211,100,57,55,147,42,125,58,61,114,146,35,59,63,247,78,158,186,92,55,25,54,10,241,192,204,6,118,21,133,109,197,6,50,37,196,233,84,121,66,148,38,109,81,89,231,210,132,241};local IIIfe={100,89,105,16,128,192,142,159,247,72,123,76,178,44,155,124,151,196,47,201,191,153,51,153,77,252,72,9,96,70,177,164,189,140,192,42,10,189,82,73,208,105,168,227,148,49,230,171,190,249,76,59,47,158,182,60,164};local IIIMZ={76,191,108,53,193,102,211,62,228,134,39,20,86,144,159,181,139,252,77,152,152,40,35,37,243,238,173,94,217,225,199,143,106};local llu={195,238,29,54,88,249,180,147,234,147,13,153,199,241,57,84,172,56,178,93,32,196,166,57,28,1,21,164,57,200,229};local IIqwd={124,28,104,11,252,63,204,171,161,103,22,233,26,95,227,60,247,204,192,37,193,206,153,165,133,3,228,196,218,234,190,249,12,31,194,8,52,238,32,122,66,215,159,28};local lWeP={101,175,122,34,70,239,128,110,74,161,39,59,182,211,181,158,4,65,177,48,125,14,49,251,12,108,231,145,114,172,246,62};local lmhDc={20,126,177,117,16,239,186,154,210,220,250,244,175,213,182,3,15,4,11,99,41,227,41,41,171,215,243,72,92,139};local llla={145,243,65,27,214,108,65,10,175,254,146,88,254,3,50,143,177,34,218,25,212,200,86,67,61,13,94,23,244,121,65,66,242,202,156,61,126,51,115,220,244,107,201,238,221};local IIyADX={215,220,168,10,171,160,148,202,246,77,235,66,214,40,131,196,66,90,187,143,77,108,123,33,214,234,248,184,117,239,182,141,145,22,18,247,53,55,44,196,108,182,51,168,223,36,7,95,237,87,43,217,146,65};local IIIIL={156,217,28,137,0,10,49,130,251,64,195,222,48,80,107,7,155,11,113,251,34,53,253,118,62,76,170,49,234,66,165,33,164,149,92,230,251,3,180,185,94,214,29,225,239,18,27,61,224,84,12,126,17,151,110,84,184};local IIIID={45,78,144,130,23,16,102,91,20,220,30,64,183,5,15,33,14,247,211,246,41,81,75,56,24,193,122,225,246,19,62,210,186,125,138,54,35,42,241,7,132,197,114,85,160,124,179,119,136,52,189,40,30,223,224,90,94,17,87,232,87,11,67};local llFAl={213,52,224,123,86,185,37,171,220,166,214,107,214,142,39,94,57,165,240,82,154,150,78,193,133,148,160,64,124,247,102,215,9,28};local lfEx={51,254,122,102,117,7,37,111,104,55,2,236,240,61,44,210,14,169,205,166,248,191,222,230,59,88,220,247,123,36,125,127,109,16,40,251,236,76,157};local llCz={241,23,79,129,234,217,234,40,27,218,200,211,122,160,225,231,251,215,101,49,60,98,233,26,54,65,163,187,223,4,63,80,33,190,120,123,81,39,188,100,193,220,163,91,57,209,213,254,164,46,130,158,205,127,8,201,192,147,168,27,17,197};local llTMe={221,62,37,195,105,151,111,217,109,81,9,11,210,71,115,224,238,54,52,196,18,184,14,248,62,92,162,95,57,129,209,202,123,213,179,29};local lwXGv={97,102,206,142,212,205,237,253,78,170,178,99,62,18,237,64,4,174,55,40,207,128,201,162,182,174,83,84,124,93,66,21,120,53,25,33,248,79,81,253,164,108,146,248,128};local IIIMYuG={31,177,177,123,18,149,232,71,115,149,144,227,60,41,0,207,143,190,0,185,47,58,69,190,233,129,232,162,114,103,30,145,211,25,200,146,175,243,196,26,183,152,90,32,231,24,196,197,62,214};local lhqEq={194,90,87,248,12,73,22,50,104,106,200,220,174,67,64,86,21,76,185,167,119,13,101,190,28,233,154,45,115,106,252,213,156,231};local IIIIJ={198,39,183,102,119,79,71,212,35,15,219,78,34,17,1,93,73,78,210,79,228,188,122,47,59,58,225,157,67,23,137,187,105,24,89,74,113,243,34,89};local lllyUt={153,166,22,28,247,245,11,206,18,118,226,7,7,12,211,165,181,63,0,54,252,249,81,184,217,24,102,251,37,142,112,207,247,206};local lllzYj={149,108,234,48,16,4,227,3,187,123,187,202,219,106,216,246,86,22,26,86,83,193,26,167,99,172,181,172,146,62,125,136,103,96,46,154,188,140};
local llLL=(74-50);local IIIZEVi=(290-200);local lllpeCa=llLL+IIIZEVi;local IIe=(684/2);local llllAXTi=(724-50);local lllfRXI=IIe+llllAXTi;local lBPfN,IIrB=(859-50),(396-200);local lllLOsP=(1020-99);if lllLOsP>(574-200) then llRS=(1020-99) end;local lllmCE=(307-200);if lllmCE>(506-200) then lSfQf=(307-200) end;local lbVe,lllelUQ=(565-11),(312-85);local ISZa={119,161,33,170,34,23,116,195,198,228,129,24,191,50,101,231,31,40,85,54,84,109,245,25,45,166,153,251,66,141,150,151,234,60,114,153,52,85};local lzRy=(1056-200);if lzRy>(1446/2) then IIIl=(1056-200) end;local IIIIh=(1164/2);local IIIIb=(220-200);local IIIZV=IIIIh+IIIIb;local lPFSx={80,236,206,194,110,179,60,52,180,59,146,116,148,243,105,96,231,91,222,196,84,23,129,164,217,81,65,244,16,198,137,3,209,238,226,32,127,154,47,9,47,38,95,86,60,169,9,24,90,55,84,20};local IIIIz=(1295/5);local lllZ=(1448/2);local llisMD=IIIIz+lllZ;local llK={192,169,178,190,171,131,103,72,113,110,88,242,18,48,16,21,226,252,106,116,236,181,107,72,9,155,81,155,245,36,57,25,94,218,26,47,125,249,31,100,239,104,111,2,230,65,5,44,84,58,127,178,218,143,123,202,9,52,77,36,126,199,53,171,31,175,128};local III={252,194,119,30,27,28,229,20,23,207,140,163,61,99,133,105,174,114,178,254,125,1,193,250,29,156,197,111,204,149,237,17,193,194,50,129,64,57,232,85,180,222,98,45,232,211,196,251,53,1,151,229,131};local Ia={76,63,94,207,247,160,52,155,173,6,128,24,241,229,83,25,38,119,64,254,3,210,53,180,52,191,247,223,73,159,72,189,167,56,218,105,170,126,94,201,179,171,106};local IwAUq={6,22,214,215,100,59,181,156,210,59,30,88,174,75,84,13,24,197,178,122,12,86,1,189,217,35,245,96,237,83,254,26,57,103,11,91,81,10,251,204,123,128,206,34,187,50,193,98,231,49,189,81,11,14,164,137,152,71,149,250,64,39,103,82,149,46};local IIIYMQ=(1186-200);local IIAXEV=(2190/5);local IIIdv=IIIYMQ+IIAXEV;local IIIIeI=(422/2);local IIIpS=(2845/5);local llllIzV=IIIIeI+IIIpS;local IIIPv=(109-33);if IIIPv>(773-200) then IIWTWl=(109-33) end;local Ibz={65,23,184,57,66,108,155,114,76,152,183,117,190,201,248,95,103,181,171,231,153,51,217,156,74,24,168,230,125,227,175,217,37,29,74,193,228,129,176,117,222,47,215,56,221,86,76,55,254,222,91,18,121,20,77};local IIIIkvVI=(166-50);if IIIIkvVI>(2725/5) then IoIk=(166-50) end;local lllSH=(527-50);if lllSH>(266+799-426) then llllf=(527-50) end;local llt=(406-200);local IICf=(518/2);local IIg=llt+IICf;local lQ,lJQsK=(250+669-206),(315+452-292);local lgCp=(369+754-411);local llMIWm=(3625/5);local llllTqA=lgCp+llMIWm;local IIGOD=(1560/5);local llRx=(687-38);local IIIhWd=IIGOD+llRx;local lllH,lxnQO=(395+664-365),(335+334-130);local llllHj,IIa=(201+412-417),(1172-200);local IIIu={197,35,206,78,169,79,202,159,140,27,97,71,146,205,192,202,158,60,218,88,107,0,254,160,38,253,219,163,17,62,15,149,126,52,38,197,196,225,194};local IIRc=(172-63);local loF=(3430/5);local lhSw=IIRc+loF;local IIIIpGYo=(724-50);if IIIIpGYo>(387-50) then IIIIuXH=(724-50) end;local lllTha,llEFI=(104+999-452),(784-77);local lQd=(328-50);if lQd>(315-200) then llllWnZ=(328-50) end;local IIVJZ,lllY=(386-50),(443-58);local IIISlC={30,22,208,45,26,76,102,48,125,50,210,19,116,27,54,0,219,89,207,170,237,93,121,217,142,183,127,28,237,11,191,70,99,110,198,50,68,200,190,151,53,107,115,230,236,191,135,144,27,194,194,230};local llllpJ=(854-50);local llFd=(402/2);local IA=llllpJ+llFd;local IIv=(197-50);if IIv>(671-50) then llldX=(197-50) end;local lEE=(1432/2);if lEE>(401+848-421) then IIIIO=(1432/2) end;local lgqX=(178-50);if lgqX>(245+193-471) then lllZAL=(178-50) end;local lRFTm=(1274/2);if lRFTm>(364/2) then IOGT=(1274/2) end;local llllZ=(961-94);if llllZ>(276/2) then lPsB=(961-94) end;local llllX=(3360/5);if llllX>(2010/5) then IjkN=(3360/5) end;local lllIaf=(341-83);local llCT=(878/2);local IIIpVtM=lllIaf+llCT;local llllK=(1490/2);if llllK>(592-200) then lli=(1490/2) end;local Iq=(693-84);local IIIshJ=(653-200);local IIIIWf=Iq+IIIshJ;local IIIk={32,156,90,204,183,14,60,73,150,91,127,89,71,78,59,95,39,92,84,143,65,145,143,110,83,231,218,73,104,37,62,13,223,140,39,93,65,211,166,231,204,221,123,246};local IIInu={153,254,251,55,190,183,178,94,226,66,110,70,247,98,70,186,198,83,9,125,38,12,223,147,76,110,17,178,112,83,201,155,120,171,48,148,2,120,235,253,138,31,189,171,47,23,126,104,182,89,227,165,218,141,17,243,113,139,24,207,250,217,105,79,85};local IIYxm,IIIIen=(67-61),(812-200);local IIICS=(118+954-293);if IIICS>(621-200) then llsBxA=(118+954-293) end;local llllSg=(690-37);local lllp=(91-78);local llsL=llllSg+lllp;local lKHZ=(2225/5);local IIIpb=(437-98);local IUpLN=lKHZ+IIIpb;local lllcsgp=(486+293-145);if lllcsgp>(103-50) then lllU=(486+293-145) end;local IIIIa=(228+266-64);if IIIIa>(973-200) then IIqAGK=(228+266-64) end;local IBxH=(882-200);if IBxH>(120/5) then IIIInCcq=(882-200) end;local ln=(748-50);if ln>(253-91) then lllnrk=(748-50) end;local IF={45,149,191,34,95,60,248,163,28,33,43,156,117,149,183,115,238,112,101,187,202,145,47,32,185,117,172,5,187,57,217,158,218,155,154,207,208,136,159,146,164,33,226,235,251,95,146,37,165,179,166,17,224,122};local llllrjE,llllmVY=(72-50),(1918/2);local lbgX=(385-70);local Iu=(361+689-78);local IIH=lbgX+Iu;local lfWss=(1688/2);if lfWss>(236-1) then IIIJmv=(1688/2) end;local IIIDb=(550-200);if IIIDb>(1067-200) then IqXg=(550-200) end;local IG={240,58,212,175,22,80,140,183,31,125,208,149,234,184,105,251,194,94,195,233,179,90,149,86,130,252,243,135,75,176,127,107,172,253,127,168,183,245,173,107,83,122,105,149,41,247,205,85,118,21,135,46,190,101,81,82,205,210,155,168,45,111};local llllxJK=(452+45-471);local IIIIMc=(810/2);local IIIIva=llllxJK+IIIIMc;local Ig=(708/2);if Ig>(739-200) then lllkcHz=(708/2) end;local llXNb,lllRXj=(628/2),(216+849-406);local IHaU=(730-50);if IHaU>(200/2) then IOD=(730-50) end;local llPh={165,63,176,61,213,31,115,28,30,96,42,59,46,223,232,37,166,16,159,184,198,229,14,44,169,88,207,8,82,236,86,89,59,89,58,140,140,32,102,152,132,233,39};local ldcuZ=(3190/5);local IIsf=(903-200);local IIIIGQOQ=ldcuZ+IIsf;local lllpT=(3170/5);local lllcjf=(496-200);local llluN=lllpT+lllcjf;local IkCfG,Iw=(1684/2),(4395/5);local IILd=(196+540-113);if IILd>(1496/2) then lllqG=(196+540-113) end;local IOP=(76/2);local lllnwYM=(2575/5);local llllUSxp=IOP+lllnwYM;local IDM={138,189,111,224,141,16,142,125,45,57,79,153,127,222,245,166,46,167,234,60,160,236,109,160,249,169,147,57,92,141,106,218,90,224,216,21,209,75,232,158,74,70,0,141,132,244,14,127,229,173,27,46,71,52,137,236,1,40,30,125};local IIN={106,172,73,94,161,10,133,73,125,213,171,113,81,33,136,165,33,13,65,36,87,137,248,51,202,199,39,232,196,231,73,45,41,125,221,232,194,159,191,190,153,242,116,129};local llZxY=(575-200);if llZxY>(422-21) then IIIdPqH=(575-200) end;local lllZ,Iv=(593-38),(525/5);local IIIRcZJ=(1130/2);local IIXra=(442/2);local lB=IIIRcZJ+IIXra;local IIftnV=(257-50);local llleUP=(231+935-21);local llllmutn=IIftnV+llleUP;local IIIKTQq=(3605/5);local IYAkV=(630-200);local llMdZ=IIIKTQq+IYAkV;local IIIID,lSTv=(1066-200),(290-50);local IIjMVm=(1955/5);if IIjMVm>(283+71-49) then llBp=(1955/5) end;local llllADoy={218,172,112,230,101,78,183,38,13,157,206,199,149,224,37,203,209,108,5,108,116,92,48,136,101,254,39,99,28,192,102,249,182,194,112,144,82,46,99,217,5,67,91,145,13,237,176,75,132,218,230,104,111,215,166,179,85,158,129,52,38,214};
end)()