--[[
 .____                  ________ ___.    _____                           __                
 |    |    __ _______   \_____  \\_ |___/ ____\_ __  ______ ____ _____ _/  |_  ___________ 
 |    |   |  |  \__  \   /   |   \| __ \   __\  |  \/  ___// ___\\__  \\   __\/  _ \_  __ \
 |    |___|  |  // __ \_/    |    \ \_\ \  | |  |  /\___ \\  \___ / __ \|  | (  <_> )  | \/
 |_______ \____/(____  /\_______  /___  /__| |____//____  >\___  >____  /__|  \____/|__|   
         \/          \/         \/    \/                \/     \/     \/                   
          _____                    ____________________    __                              
         /     \ _______   ____   /   _____/\_   _____/  _/  |_  ______                    
        /  \ /  \\___   \ /  _ \  \_____  \  |    __)_  \   __\/  ___/                    
       /    Y    \/    / (  <_> ) /        \ |        \  |  |  \___ \                     
       \____|__  /_____ \ \____/ /_______  //_______  /  |__| /____  >                    
               \/      \/                \/         \/            \/                     

	Discord: https://discord.gg/VwTM63a38Y
--]]
return(function()
local llllRqy={122,133,37,181,52,242,179,71,7,162,231,143,98,51,137,125,203,219,216,113,9,134,225,72,207,151,111,239,20,202,25,222,64,141,196,60,25,200};local IIIIY={111,49,75,68,183,165,28,250,203,74,114,112,231,195,188,46,145,60,238,66,219,254,67,161,155,134,2,15,95,68,183};local IIIa={88,232,139,245,160,169,115,133,254,59,233,45,4,13,50,175,113,244,55,145,79,148,157,240,11,169,131,204,80,238,141,64,0,197,158,172,34,65,102,68,229,66,147,153,81,197,63,129};local llllTSzh={183,111,237,75,198,244,207,40,40,179,107,71,166,34,146,212,79,122,40,38,138,109,66,168,104,51,237,31,151,229,159,72,65,46,40,63,239,26,46,167,132,18,93,38,49};local lnXSV={57,238,131,235,241,63,58,216,53,181,251,92,213,14,1,228,249,90,230,192,34,218,171,208,131,44,210,254,30,152,113,129,91,204};local lllleR={221,222,49,29,63,130,197,68,99,105,23,24,147,84,87,186,247,91,164,78,190,224,203,58,63,201,36,16,206,204,101,147,65,222,94,253,16,68,63,53,0,74,127,133,0};local llllA={187,25,196,52,118,32,143,101,249,82,103,87,199,115,169,241,42,93,72,85,143,65,121,30,5,184,114,62,144,182,33,90,36,143,61,156,180,116,88,216,136,215,151};local llI={63,242,247,236,205,248,225,0,129,40,249,41,41,48,100,239,239,199,66,208,233,232,129,136,26,52,222,232,182,65,23,113};local IuiC={12,7,197,247,81,204,86,34,37,123,217,122,169,135,82,67,248,29,248,61,97,189,134,88,199,210,65,207,147,98,18,34,241,195,189,98,46,97,227,85,220,115};local leJfw={152,51,32,191,13,27,195,14,58,213,139,156,177,211,106,71,146,241,136,225,205,84,10,78,20,192,134,71,74,178,0,224,178,108,34,149,125,189,91,129,117,22,140,177,98,163,235,245,169,151,132,161,200,80,30,183,135,218,39,39};local IIIxvb={21,234,42,187,75,23,101,181,8,222,3,156,78,5,117,37,164,173,166,57,49,33,61,218,182,81,119,47,223,71,118,174,53,16,194,45,166,218,49,190,207,193,213,2,63,100,228,52,89,251,183,71,108,149,213,79,52,133,172};local llllCFT={2,42,153,45,81,210,74,93,20,134,51,172,76,116,44,243,119,198,236,167,25,66,38,221,70,193,72,3,194,104,34,236,5,161,188,142,39,130,25,185,215,65,36,11,191,185,85,188,14,43,140,86,8,211,182,50,49};local IU={61,33,205,120,29,60,111,75,19,108,109,31,99,49,143,162,192,2,99,171,34,160,33,91,53,238,229,100,240,13,235,4,75,102,226,113,106,208,209,28};local IIIb={193,60,181,193,60,253,69,114,191,168,221,91,63,20,224,227,243,152,58,205,51,242,155,156,147,240,244,117,118,206,245,17,167,129,63,187,86,164,91,192,238,181,47,101,248,213,205,160,158,122,35,1,143,208,214,205,19,248,241,19,184,200,163,11,206,125,231};local IJ={157,36,2,172,243,8,154,241,125,60,185,2,88,73,182,154,103,40,120,192,99,84,93,32,17,113,29,97,7,218,236,249,98,3,83,160,3,43,53,109,78,5,213,8,110,11,186,167,111,200,3,138,86,61,98,4,99,28,117,96,249,131,65,7,112,197};local lllQj={41,78,135,184,186,179,207,80,124,166,144,75,237,29,197,87,12,181,65,225,145,27,129,153,82,59,112,124,85,73,177,168,168,129,222,220,190,212,187,160,210,141,187,37,54,15,142,221,201,104,223,45,112,152,190,116,64,78,102,51,199,198};local IIIIAR={225,120,119,72,99,97,82,160,109,246,213,30,145,41,200,12,176,124,221,40,89,117,5,150,237,52,44,71,32,28,98,205,7,10,123,114,35,18,54,60,212,73,14,52,89,105,29,68,11,4,8,226,66,111,54,189,106,18,208,228,163,145,175,208,54,198,34,230,251};local IIIIjY={194,247,169,40,243,72,176,93,91,205,141,111,114,137,149,183,26,169,54,221,16,146,50,142,126,110,214,126,6,4,50,122,173,191,67,7,77};local IIIIOZ={33,215,49,45,198,6,175,178,119,212,193,19,204,100,219,169,110,91,109,215,217,192,157,21,105,178,227,199,232,21,201,199,218,226,123,105,48,146,41,67,143,180,142,196,6,35,237,57};local Iigk={20,78,143,213,77,56,27,165,91,71,87,86,60,65,112,231,133,64,116,220,185,33,54,192,88,166,148,18,220,183,212,111,167,254,226,100,187,52,191,73,65,144,124,216,251,220,203,87,7,223,196,61,249,104,179,226,33,149,236,201,116,122,66,106,22};local lllf={109,244,31,150,62,191,33,86,75,62,18,127,182,19,145,98,249,154,18,81,60,72,254,44,196,187,2,50,189,102,231,25,208,56,122,242,152,203,144,249,42,86,98,233,88};local lllZ={238,235,121,159,211,155,88,194,248,194,248,171,50,11,47,183,11,66,51,184,189,77,250,161,215,224,32,78,25,90,40,241,114};local llEMhG={26,84,160,229,153,17,72,249,231,227,34,9,215,58,74,47,175,160,123,3,241,101,130,75,30,109,213,177,253,182,72,19,26,110,94};local IzRMY={42,33,203,122,113,119,28,204,141,218,113,215,22,16,18,145,142,140,26,31,132,186,39,176,79,235,44,11,245,39,129,26,154,176,48,152,127,153,69,130,159,176,131,14,230,216,189,252,228,196,58,93,123,125,83,138,83,57,96,110};local IIoDC={99,109,239,113,27,155,69,77,235,254,191,141,122,147,85,28,186,111,58,35,79,3,142,54,198,89,180,21,207,95,64,100,64,182,194,8,181,114,64,43,241,72,83,193,124,168,148,221,94,136,25,203,169,24,21,239,87,207,111,206,229,118,120};local IIIR={147,65,60,247,169,137,66,208,126,234,144,169,195,179,131,105,48,134,98,99,36,160,228,199,230,59,193,73,92,185,148,228,86,250,88,146,153,192};local lllbzs={87,214,116,194,27,31,3,70,158,89,189,246,244,105,65,207,147,251,1,91,147,176,41,17,242,127,16,94,247,183,240,144,74,30,153};local IIIIUJk={101,139,109,153,114,187,44,183,240,190,152,206,45,2,74,186,167,203,94,163,194,180,117,141,103,123,47,180,149,169,246,9,137,125,211,90,172,14,74,166,244,133,45,104,88,21,184,97,98,254,176};local IIVnWL={11,185,40,211,3,253,187,253,46,243,73,211,145,65,108,29,90,48,136,164,55,180,171,241,73,195,4,48,205,203,23,32,161,127,147,229,110,26,58,194,34,170,10,225,44};local lllln={209,155,211,65,26,137,141,7,223,193,212,96,239,26,41,20,252,11,230,3,103,160,240,163,145,198,252,68,38,2,43,160,218,118,143,198,3,88,251,82,95,102,115,210,180,146,92,131,78,38,185,88,154,67,139,254,55};
local IIIFse,IIIIBCcI=(915/5),(543-86);local llNNj=(1756/2);local Imp=(416/2);local IUK=llNNj+Imp;local InP={53,217,202,250,205,55,161,66,185,151,10,87,246,61,105,184,85,238,155,120,3,40,113,1,195,116,121,54,159,235,20,91,17,144,207,80,161,123,0,4,113,86,80,67,205,64,162,146,171,49,0,172,47,72,192,120,1,80,226,189,74,137};local lllkif,IIIIlDA=(1910/2),(1049-200);local IIIIm,IIjkMe=(351+145-398),(2610/5);local IIIzHr={82,254,119,184,152,73,171,133,31,23,97,74,115,201,222,24,13,3,166,40,29,43,228,196,55,165,137,161,38,228,231,155,31,101,82,24,227,154,142,194,217,4,106,101,200,202,165,238,21,200,98,186,221,63,69,78,103,103,132,5,133,25,86,36,56,81,159,119,190};local IIIIR=(1604/2);local IK=(698-200);local llI=IIIIR+IK;local IIIIAeD,IIIIOYt=(824/2),(1374/2);local IIDx={170,198,31,201,14,241,184,101,151,19,48,160,199,198,165,247,249,21,46,100,39,70,148,182,142,114,38,130,92,61,224,25,77,104,114,16,9,14,74,222,67,165,193,75,212,5,95,220,250,240,10,17,23,99,10,76,247,35,31,4,139,163};local llllgs={86,166,132,59,116,64,43,112,54,194,100,157,107,239,199,173,32,51,181,67,92,161,194,59,49,140,68,90,20,109,78,150,234,76};local llX,lIEw=(320+840-295),(377-53);local llllYfP=(1854/2);if llllYfP>(78+408-80) then lP=(1854/2) end;local luV=(857-50);if luV>(1295/5) then lllMHdr=(857-50) end;local lSV=(144/2);if lSV>(860-7) then ldDS=(144/2) end;local IIIILLw,lUx=(664/2),(457+856-428);local llI={208,61,197,55,229,243,87,3,203,68,234,231,82,213,235,84,100,142,69,45,0,142,141,33,120,101,105,37,114,232,36,4,130,207,7,34,161,37,109,219,118,158,9,98,77,5,139,25,240,248,165,131,20,65,175,99,229,87,229,137};local IIIINs=(392/2);if IIIINs>(636-200) then lllHUFP=(392/2) end;local IIIm=(776-200);local lj=(172+990-449);local lq=IIIm+lj;local lYx={78,210,136,159,168,247,133,21,205,69,201,61,117,221,181,242,188,219,76,34,226,53,130,79,134,156,241,62,95,159,226,45,92,4,210,115,119,8,19,64,101,217,186,24,215,61,29,91,109,244,179,210,194,110,167,196,238,77,183,211,32,158,238,238,105,36,28,22};local lFXg={209,29,217,181,248,27,1,14,143,104,202,171,35,230,161,61,114,254,13,233,39,57,38,78,195,170,247,247,91,30,170,86,40,148,0,148,248,8,205,186,223,38,245,171,198,180,68,127,242,113,233,80,43,57,143,179,159,94,188,69,32,207};local liH=(268/2);local lUq=(876/2);local IIID=liH+lUq;local IIIIp=(757-72);if IIIIp>(240+309-466) then lllYfl=(757-72) end;local llllEN=(809-27);local IIIBWp=(1043-50);local lllpx=llllEN+IIIBWp;local IIIpHz=(149-16);if IIIpHz>(2130/5) then IIIILS=(149-16) end;local IIrVzu={201,119,227,62,64,184,155,132,119,155,95,132,105,212,136,114,254,54,169,60,246,83,16,46,211,124,51,144,128,252,95,26,161,166,250,112,214,151,99,88,111,72,138};local llllf=(455-200);if llllf>(1220/5) then llwk=(455-200) end;local IIIIhwOp={128,20,56,124,39,119,115,187,168,128,189,171,229,253,42,26,183,183,134,250,94,36,214,247,17,226,65,77,47,135,192,133,6,3,208,200,40,219};local IIIe={153,247,228,95,233,249,63,205,238,248,68,206,5,112,7,237,254,208,53,235,72,254,108,52,2,8,227,180,247,114,103,183,47,114};local IAfEO=(243+181-186);if IAfEO>(174/2) then lif=(243+181-186) end;local IIIIZ,lllJki=(438+413-158),(900-200);local IIIIGI={75,85,112,21,214,115,116,80,154,199,18,159,163,208,81,53,105,19,124,197,239,244,193,194,106,157,12,235,182,102,54,190,204,188,183,85,81,100,122,159,152,168,10,36,201,225,31,16,102,169,129,172,9,70,7,31};local lllKpq={172,99,65,236,243,15,15,28,148,206,97,90,52,156,133,13,183,53,239,151,188,21,225,51,228,25,121,201,33,33,139,75,42,143,222,18,131,249,59,88,26,56,12,135,244,199,177,161,88,183,158,53,45,185,134,155,213};local lllRI=(2940/5);local llK=(54-81);local lllDHsA=lllRI+llK;local lllploj=(935/5);local IIIYcy=(1126-200);local lllURJQ=lllploj+IIIYcy;local llllQs={162,227,179,62,191,128,51,11,70,201,215,241,140,152,91,135,172,199,14,180,163,53,235,109,124,114,105,178,101,51,226,30,48,218,45,108,174,232,89,244,1,35,65,168,224,29,117,58,102,216,27,186,171};local lj=(480+122-364);if lj>(39+143-130) then IIzQ=(480+122-364) end;local ldL,lla=(38/2),(2560/5);local llllJYY=(4625/5);local IIIQF=(490/2);local IIcOsS=llllJYY+IIIQF;local lvU,IYsD=(464-12),(506/2);local IIImhiS=(985-200);local IIIW=(90-50);local IIIXL=IIImhiS+IIIW;local llllgxcP=(31+146-235);local llllJTqU=(550/5);local llllr=llllgxcP+llllJTqU;local IIImaB={25,199,85,98,174,248,56,234,57,173,61,245,162,16,181,0,167,34,102,193,253,121,198,197,54,154,62,188,12,181,51,189,148,197,130,49,232,246,109,99,182,57,146,216,118};local lEM=(700-40);local IIIzWA=(509-99);local IIFmNQ=lEM+IIIzWA;local IiMIL={48,22,51,141,82,242,89,171,53,252,51,229,188,159,58,82,85,232,45,103,217,235,192,96,36,212,79,125,132,181,74,5,229,98,212,228,55};local lllfHIL,IIIIMP=(1002-200),(466-50);local loujU=(2020/5);if loujU>(307+439-85) then IIIIJHX=(2020/5) end;local IIIIy,llIdNV=(4160/5),(318-69);local llliCF,IIe=(263+123-231),(4455/5);local IIIIZsg,llLwGu=(221-50),(901-49);local lluXQ={96,27,234,139,14,233,117,109,146,206,14,135,79,115,94,51,233,43,197,20,103,31,148,11,193,232,166,85,213,208,175,220,169,145,38,58,42,57,49,196,224,81,99,51,172,251,165,124,65,12,97,221,89,219};local Io={215,36,238,247,2,61,79,108,249,217,174,214,125,196,97,108,125,167,45,205,146,145,168,100,124,75,232,19,179,101,63,224,79,42,91,8,3,94,116,86,247,206,222,234,81,46,160,188,54,6,26,228,229,213,14,159,178,17,30,138,41,80,87,80};local IIIhou={81,172,122,247,76,132,84,93,195,188,51,37,103,83,64,49,5,48,252,207,101,142,234,19,152,25,92,200,3,126,254,78,221,171,137,127,24,60,120,136,186,16,102,178,60,242,241,184,52,20,82};local IIGNl,lsH=(144+616-461),(137-50);local IIIDJk,IOVUO=(327-23),(332/2);local lllRQ=(488-50);local llllNjwN=(76/2);local IRa=lllRQ+llllNjwN;local lZ=(28+429-88);if lZ>(212-200) then lWa=(28+429-88) end;local If={173,105,32,32,130,189,81,95,232,177,42,27,66,211,104,93,117,234,148,112,32,192,134,172,130,144,48,86,245,2,118,47,110,204,192,101,172,95,136,51,79,8,0,193,213,232,207,247,218,50};local III=(941-50);local lllgYs=(1012-200);local lO=III+lllgYs;local IIIIi=(886/2);if IIIIi>(334+566-290) then llHNr=(886/2) end;local IIdxmY,IIIHw=(162-50),(502-50);local llKYaq={132,16,146,107,69,162,48,80,78,219,215,150,91,122,179,4,245,26,250,193,189,41,152,76,247,132,58,34,211,61,89,168,76,127,83,234,146,60};local IIIIS=(320-94);if IIIIS>(850-200) then IIII=(320-94) end;local llk={94,83,106,152,153,29,33,202,70,73,46,220,100,240,248,135,142,184,105,150,94,103,161,78,18,141,106,224,45,126,11,46,197,13,137,55,108,80,171,0,120,25,31,37,59,18,12,21,40,69,2,71,1,102,43,105,246,210,10,101};local lllHQZi=(128-50);local lllx=(494+202-72);local lj=lllHQZi+lllx;local IIIse={146,192,8,21,102,73,138,135,219,212,198,244,147,164,201,198,104,114,213,46,90,121,126,101,73,56,43,125,227,131,85,7,197,170,250,4,207,197,204};local lFjqf=(415-50);local lna=(187-50);local IIIIxTG=lFjqf+lna;local IIA={55,216,140,180,106,27,171,68,45,78,166,226,171,23,117,244,97,171,67,8,205,39,218,207,136,226,132,246,7,196,45,251,150,165,72,47,57,95,222,214,150,30,205,163,60,75,30,102,23,18,106,9,211,27,34,184,98,171,35,205,180};local IIlPV={58,198,214,89,188,60,145,0,171,189,175,9,239,187,36,225,133,243,118,228,125,135,146,125,151,105,45,134,74,52,143,183,198,136};local lBl,IIIbsWd=(1728/2),(1730/2);local lllfT={205,111,180,37,110,223,8,141,65,147,13,191,49,204,79,89,237,12,169,202,69,241,116,233,90,245,155,92,171,96,128,202,50,104,26,165,178,119};local lqpw=(602/2);if lqpw>(390-50) then IIIIz=(602/2) end;local IIwK,IIIIiK=(97+857-416),(1276/2);local IIXoCk,llUY=(1752/2),(118/2);local ISC=(985-200);local IdKO=(497+455-164);local IIIIngN=ISC+IdKO;local IlLmZ,lZTP=(898-86),(703-50);local Ii,lllllbGT=(370-36),(464-200);local lJnSE,IIIIf=(496-50),(105/5);local IIII,IIjfd=(294-50),(131+493-240);local lGfML,llllsUU=(763-96),(1662/2);local lsK=(549-50);if lsK>(306+603-86) then llloAL=(549-50) end;
local IIdfd={107,10,222,180,221,199,168,22,13,125,212,201,153,148,5,147,3,134,89,185,209,77,97,112,28,54,189,43,113,40,2,194,204,146,148};local llE={149,66,135,214,137,195,35,197,66,157,219,63,52,252,204,46,61,181,180,23,82,61,224,53,18,133,107,42,190,19,50,62,139,150,159,216,9,30,162,110,28,149,135,201,186,55,206,76,3,137,42,150,91,26,36,64,253,230,56,64,150,71,14,174,221,7,149,179};local lllQBrc={8,35,67,206,54,192,246,154,170,140,139,94,189,102,142,1,147,41,72,194,214,66,122,147,193,46,246,42,67,240,43,117,199,46,226,72,63,155};local IIIWsj={243,109,192,88,93,92,243,25,64,243,114,202,64,72,115,178,34,19,224,110,199,90,195,126,77,164,111,126,64,87,44,132,46,10,212,9,205,217,5,22,106,77,47,51,176,200,39,100,102,162,32,151,38,170,242,94,12,27,180,56};local IINZ={158,12,173,250,222,188,172,163,78,5,164,12,115,182,100,33,32,55,82,96,95,217,117,83,23,9,1,188,26,74,17,205,40,112,202,205,197,208,119,179,73,8,74,220};local IIItrM={133,88,54,34,25,41,106,181,123,211,62,25,44,239,196,127,89,162,231,187,19,128,83,141,15,158,80,116,119,219,162,111,161,198,15,99,220};local ltAA={53,23,101,243,188,186,70,174,11,184,123,182,201,119,197,109,87,83,34,105,224,90,105,27,111,97,115,119,177,72,122,101,50,12,250,217,120,204};local IIIITGrU={23,192,119,23,136,246,188,20,231,57,117,227,252,50,17,129,235,184,170,186,40,82,183,171,110,208,252,52,190,242,127,160,24,46,215,67,74,87,195,203,106,19};local IRm={162,124,183,24,179,215,232,111,210,225,167,101,85,110,85,58,90,190,231,92,186,215,54,142,230,93,254,232,166,227,4,47,99,109,5,77,6,68,30,192,207,186,8,207,126};local lllLse={85,21,90,174,244,8,0,233,225,111,183,208,146,252,137,58,250,67,240,29,119,227,51,87,248,173,100,158,43,104,52,65,78,35,6,56,16,47,237,19,78,183,122,144,156,114,223,163,216,204,194,133,56,129,6,73,26,245,177,204,153,189,217,17,158};local llllEOH={160,180,101,146,50,17,123,219,112,130,110,229,243,246,225,40,56,196,17,128,77,209,52,13,35,50,203,122,116,5,116,15,38,171,242,199,129,241,64,202,237,216,19,250,37,0,213,206,225,170,114,46,134,182,187,121,153,18,55};local llzi={105,127,152,112,136,155,218,201,249,56,141,87,243,122,152,142,80,172,149,168,72,30,49,79,247,150,191,96,47,146,207,57,143,96,163,162,172,129,59,199,30,105,189,1,137,140,19,141,236};local ISKfT={138,126,18,38,183,89,60,234,27,116,7,105,57,237,253,198,111,246,47,41,153,219,185,28,240,201,147,141,149,21,47,127,43,190,11,89};local IIIBe={214,242,209,224,58,239,104,252,120,195,107,38,144,82,27,38,210,120,6,36,168,166,185,73,205,72,12,77,57,195,213,143,202,244,235,6,91,235,97,230,23,219,162,34,212,25,38,78,124,239,88,10,128,233,142,14,215,194,207,148,2,186,52};local llLq={184,181,111,67,140,51,174,219,132,49,91,105,232,157,31,227,214,104,138,230,226,4,248,174,93,129,45,141,159,245,151,236,216,154,181,138,232,155,36,73,30,241,76,244,254,38,73,162,76,166,7,68,99,238,108,37,161,174,193,163,119,251,135,165,204,30,150,36,159};local IICBk={211,143,23,26,65,86,95,194,58,19,214,133,59,238,157,5,169,21,45,227,184,202,244,109,6,10,178,214,173,188,196};local llbyyA={61,9,144,89,220,229,110,148,25,108,2,131,60,134,0,82,9,17,72,157,187,3,190,31,106,196,137,188,239,177};local llFY={252,80,65,39,24,138,127,232,69,58,204,56,63,54,242,23,103,227,201,120,100,111,219,238,223,59,135,239,23,205,142,168,157,4,115,41,98,248,33,65,251,186,2,54,44,230,143,158,178,117,118,242,89,130,26,84,171,132};local llE={164,182,10,73,248,27,132,25,148,47,96,136,136,95,31,111,81,42,157,4,162,180,46,9,19,213,151,115,164,165,205,253,65,26,119,84,235,49,28,166,24,201,50,156,252,45,195,117,181,4,182,198,83,83,193,91,36,143,215,211,224,23,2,158};local IIIyzHf={215,56,141,183,70,99,55,161,35,42,181,80,17,239,84,91,252,124,85,130,135,11,63,30,28,223,3,68,207,161,64,108,18,164,191,124,60,43,100,31,92,222,34,116,91,156,55,67,9,128,24,67,63,175,181,247,245,63,169,42,124,116,190,58,141,252,48};local IZX={251,246,228,102,49,28,67,167,25,215,172,171,85,150,48,114,84,194,232,26,142,162,251,115,49,249,250,81,207,188,71,220,3,32,178,184,51,196,50,119,78,141,133,221,87,154,151,190,23,96,201,209,148,34,79,225,197,4};local IIIIaM={100,28,254,32,241,13,39,252,107,152,75,40,223,198,205,195,96,52,233,216,210,146,159,194,109,54,52,98,117,214,253,58,173,87,240,94,138,85,43,98,49};local IIIPeFB={99,105,185,92,228,80,201,149,219,140,81,85,58,115,76,244,138,210,193,77,62,217,243,223,30,137,170,96,226,23,223,149,178,240,116};local llllypn={33,234,127,26,22,36,51,153,38,228,233,158,90,117,11,196,37,209,16,134,251,30,66,243,14,152,127,57,105,81,178,126,114,233,235,156,202,113,188,102,26,250,34,38,210,210,43,200,115,165,114,127,185,244,63,57,48,15,192,132,12,133,137,200,138,201,43,100};local lhxl={60,209,63,169,144,234,199,83,169,122,156,127,111,176,195,154,100,179,40,120,113,73,92,17,183,245,196,182,60,77,234,27,184,37,238,30,245,197,36,232,61,149,143,6,182,21,235,112,128,138,8,62,37,151,185,172,10,111,87,192,17};local IIIxmW={113,252,236,134,95,90,78,82,227,156,67,204,58,35,246,102,21,75,56,4,160,183,234,186,183,17,18,189,143,33,222,4,252,107,81,196,156,238,137,175,153,76,147,178,232,68,165,169,70,254,141,187,1,249,244,52,241,67,74,27,183,37,186};local lMpER={225,35,101,10,39,242,189,254,71,32,103,235,22,27,142,90,237,4,46,99,68,99,98,22,155,201,163,153,84,12,34,80,165,178,45,221,160,16,6,4,137,228,33,113,73};local IIIGJ={212,163,5,114,125,178,160,227,204,60,52,170,206,110,194,150,164,193,67,149,208,200,245,195,189,170,81,225,113,42,221,146,155,6,243,247,7,212,196,129,66,229,1,251,220};local ILqHu={99,213,150,136,101,186,177,160,211,87,155,96,35,101,223,189,169,27,28,86,139,222,216,249,101,15,239,27,44,68,64,85,171,201,110,6,134,245,31,244,196,163,135,166,187};local llllNi={77,113,14,179,189,43,202,169,115,181,144,84,9,233,242,32,233,89,199,25,248,166,183,85,27,92,132,73,228,235,59,153,79,228,111,148,73,170,226,63,98,124,78,37,219,119,250,18,235,56,182,108,253,107,201,110,16,157,133,22,29,45,73,40};
print(string.char((535/5),(143-53),(134-17),(158-50)))
local IIIfCyD={25,232,89,111,78,206,103,244,83,97,128,18,16,162,32,136,4,192,20,14,160,94,134,254,31,92,141,34,43,41,92,175,147,143,53,69,101,25,129,184,94,171,116,164,113,95,230,188,95,195,142};local IIIIWMx={150,46,230,78,142,85,40,179,114,133,63,175,45,158,154,218,243,1,147,62,108,106,166,148,198,251,110,138,253,194,196,78,28,74,17,239,161,145,142,111,250,73,218,166,100,212,89,184,91,30,150,112,163,204,6};local IIl={204,20,175,69,15,10,153,69,219,205,34,116,56,57,49,211,100,64,220,180,209,114,19,181,135,30,192,74,133,230};local IIIIcLvY={211,170,213,212,201,252,110,244,126,21,25,21,222,140,78,85,164,19,4,230,186,196,216,230,175,91,183,149,69,130,115,60,209};local lllEpLd={252,69,111,204,158,75,232,59,45,215,46,247,201,109,62,234,203,31,150,142,235,122,214,208,38,240,105,168,100,197,157,99,93,86,27,100,80,65,75,129,170,11,65,154,205,85,197,50,18,219,237,225,123,1,150,122,193};local IIJdSr={94,248,200,237,83,55,217,182,96,115,121,8,62,70,115,96,227,56,17,207,244,149,121,158,161,22,23,244,47,209,106,61,195,149,116,12,11,62,156,59,175,121,234,86,34,68,85,185,10,26,38,11};local llllnBw={184,230,50,234,71,241,72,102,106,13,250,133,185,117,192,250,47,145,40,221,244,50,54,205,196,165,14,29,198,108,108,91,188,59,92,67,104,24,68,48,192,182,243,6,12,156,209,2,56,206,125,51,105,41,19,211,249,147,72};local IIIICS={124,152,51,183,43,107,1,254,49,149,122,108,29,222,171,12,190,247,63,34,145,25,52,103,238,117,73,140,198,174,15,183,84,217,100,184,58,146,67,38,14,75,233,152,144,201,71,132,88,206,239,77,79,164,149,64,51,217,107,153,208};local le={167,92,5,208,178,242,150,126,236,125,87,69,91,173,24,157,41,46,10,0,186,86,254,98,36,31,156,41,74,86,215,73,13,35,124,123,161,156,185,166,121,54,188,18,123,87,254,67};local IzT={20,171,223,133,141,41,21,246,33,195,193,122,159,141,128,28,179,12,136,68,135,20,175,156,120,246,194,176,73,207,28,25,125,34,101,164,94,242,42,62,84,204,12,176,33,16,142,241,221,66,198,155,86,112,247,248,245,240};local lllEf={94,104,33,1,28,47,205,32,200,126,136,213,47,11,155,247,188,37,48,165,83,151,143,202,123,232,221,7,159,151,42,80,151,214,56,94,181,195,98,205,129,227,198,117,178,217,58,64,93};local llDG={206,81,79,178,48,198,101,21,101,70,4,213,146,162,18,174,165,68,158,7,207,90,167,114,223,211,195,183,254,146,86,35,24,190,146,181,89,158,245,224,222,55,138,164,11,98,101,175,60,33,115,116,89,153,183,231,90,119,124,226,19,135,235,135,218,18,247,68,72};local IIIIILJp={207,115,176,24,55,217,78,212,168,195,48,73,222,250,133,121,9,233,25,99,43,153,99,193,39,212,60,53,181,196,159,157,59,108,104,109,158,188,171,115,112};local llllds={73,226,9,138,78,67,45,156,82,242,56,178,145,244,175,136,99,210,232,31,35,146,185,124,36,248,12,141,127,24,125,47,96,17,100,124,47,31,108,237,152,27,235,62,152,112,142,115,29,235};local lJ={116,114,208,254,17,160,230,152,128,52,242,26,153,122,151,254,140,164,149,238,53,13,55,187,200,87,97,62,103,26,232,73,14,100,133,175,20,40,158,119,170,160,0,220,207};local llllcV={121,156,226,137,0,11,68,48,99,165,51,122,198,247,192,56,85,193,185,185,217,10,89,177,121,61,116,33,242,197,66,222,19,44,123,147,171,109,203,131,196,102,244,26,6,43,237,55,221,175,198,75,189,8,215,42,132,77,69,235,69,24,125,172,6,89,243};local lhi={121,7,197,143,136,153,162,5,118,201,111,248,135,245,103,147,151,235,42,89,131,156,157,152,176,150,97,62,165,0,228,249,110,110,74,19,208,44,229,175,58,235,73,34,166,237,92,81,190,186,95,148,198,169,74,183,185};local ldl={226,86,166,190,199,32,12,103,244,119,105,16,27,156,189,234,44,2,237,160,27,75,123,99,110,117,190,199,98,152,33,116,230,89,27,65,100,68,238,85,7,47,50,196,230,224,15,116,231,252,85,225,93,62,244,168,113,206,132,96,124,211};local lvp={159,130,253,225,147,57,128,110,5,173,33,143,83,158,12,124,157,35,172,254,120,185,97,24,70,172,163,93,8,142,241,74,99,75,118,129,113,41,170,219,26,20,160,185,237,218,91,206,205,59,131,172,0,19,215,118,82,180,66};local IIIf={123,94,189,56,120,44,104,159,105,72,160,13,101,74,174,82,228,143,251,221,160,251,190,138,127,90,141,151,157,158,130,185,121,203};local llllPyBR={51,184,243,156,106,153,214,122,160,8,61,79,191,136,139,234,246,225,46,213,232,71,163,147,103,151,241,141,133,9,220,156,245,1,17,75};local llllsuh={4,135,100,162,2,37,137,12,32,248,109,13,229,4,69,41,208,24,220,40,199,212,254,166,121,138,27,107,96,230,128,169,86,98,32,129,64,85,95,241,54,194,30,240,130,135,46};local IIIlAD={189,153,58,182,200,111,14,35,53,123,231,121,178,145,7,208,134,99,218,159,30,58,202,48,36,242,225,128,116,143,212,21};local IIIXLF={63,233,4,224,132,217,33,83,87,124,32,182,201,163,16,73,150,4,128,50,65,153,253,226,35,136,106,13,62,209,73,86,118,5,60,26,239,62,152,85,118,50};local lllIN={190,11,239,44,48,84,35,69,134,0,190,29,92,97,193,149,33,133,133,109,212,68,20,237,58,184,209,103,159,229,158,213,111,138,138,111,185,132,22,195,88,148,228,30,16,204,95,167,196,9,45,154,103,80,203,186,186,204,39,111,169,210,216,181,75,111,173};local IIIg={204,123,31,117,250,14,243,126,184,18,2,82,144,198,173,123,84,103,36,103,124,107,6,247,36,52,65,225,33,145,205,108,218,98,67,217,37,28,73,2,97,140,155,132,111,138,0,81,76,152,177,51,27};local IILOlh={106,226,15,226,177,226,177,147,137,13,233,73,7,171,90,46,184,219,195,210,98,225,84,30,179,109,245,24,48,222,169,196,90,23,81,139,16,137,180,119,35,215,160,41,210,139,11,163,65,98,186,94};local llllTDLw={101,221,87,173,166,41,155,121,17,81,41,23,158,173,231,240,149,39,54,185,13,226,239,141,251,92,175,54,181,8,2,180,154};local llllK={186,56,187,123,114,143,218,94,151,42,82,183,164,6,189,20,180,109,184,53,1,27,101,178,33,28,158,189,110,208,93,92,67,83,46,87,77,125,233,76,204,200,203,193,204,65,98,99,160,5,175};local llUr={102,71,145,195,97,139,143,239,229,119,158,244,172,8,132,160,237,128,99,94,153,13,18,35,74,75,101,204,98,244,92,215,246,143,48,83,42,191,134,165,71,1,67,138,81,153,226,109,237};local lllun={9,131,109,124,249,107,88,135,44,103,26,114,78,211,83,121,235,155,76,79,71,233,28,168,33,55,179,145,105,182,218,156,103,193,188,123,243,114,227,122,183,150};local llllha={186,131,163,186,111,30,217,90,41,88,232,119,124,152,70,166,121,250,141,195,144,73,115,52,245,191,155,29,128,227,100,64,27,109,0,151,97,1,49,66,24};local llpp={18,175,81,23,132,254,138,132,86,147,239,81,198,56,192,74,7,41,9,81,22,212,201,240,154,248,202,136,187,113,89,170,84,158,235,141,142,190,244,247,57,1,117,5,58,4,123,56,52,15};local IIIIWF={54,126,234,99,104,113,67,43,49,82,105,46,101,131,185,5,28,130,61,101,100,223,85,245,249,144,150,43,199,179,138,32,210,185,248,220,98,109,153,166,77,224,183,54};local ljrW={174,199,122,130,40,108,33,67,239,0,56,0,11,150,188,177,243,141,87,214,155,107,70,99,104,13,77,132,186,42,172,17,127,171,99,58};local IIor={36,41,86,89,248,88,60,91,135,54,108,222,180,217,45,86,39,177,164,202,193,68,86,92,121,233,170,38,181,225,38,66,175,138,15,219,118,56,208,187,241,139,246,154,43,71,200,108,144,200,197};local lllbiq={125,77,31,65,213,167,111,167,243,150,126,77,123,4,143,213,229,201,66,153,240,133,183,209,97,64,139,176,92,93,240,186,212,55,144,7,185,67,152,158,113,11,152,116,92,87,61,201,77,131,175,14,143,142,48,41,166,166,241,252};local IIIIMYxC={41,187,46,193,98,41,50,76,5,18,126,121,124,159,163,224,61,99,113,144,116,99,150,220,83,88,89,212,193,69,136,93,14,161,89,98,211,79,233,160,177,28,184,139,176,91,95,231,67,22,18,191,54,68,182,135,168,195,27,229,98,135,37,214,240,33,66};local lllQzbM={31,162,109,202,233,149,63,187,245,23,223,40,85,84,48,245,143,248,158,223,66,251,205,3,237,187,2,164,162,161,215,140,200,235,211,244,119,115,251,227,223,236,138,141,145,158,171,115,223,121,235,81,179,55,141};local IWVf={240,27,34,168,214,40,129,51,206,122,244,111,35,108,239,248,29,224,94,38,29,204,112,171,85,44,213,170,106,117,13};
local lBuq=(385+59-366);if lBuq>(744-200) then IIIIIsV=(385+59-366) end;local llldkX=(1585/5);local llliSa=(849-50);local IbNEc=llldkX+llliSa;local IIIIgw=(151+723-336);local IIItOF=(100+207-308);local llllo=IIIIgw+IIItOF;local IIj={183,25,183,146,107,169,238,123,139,87,52,215,17,38,78,81,192,41,136,105,76,166,139,22,251,71,192,95,4,116,203,211,88,162};local IIIIbpX={129,114,189,100,179,9,212,137,214,245,127,123,74,146,5,239,180,62,138,34,92,53,9,164,0,12,227,178,117,238,203,170,169,35,126,64,187,149,52,207,96,121,59,109,137,229,83,162,177,64,62,182,240,187,93,149,138,63,66,79,82,201,42,120,170,157,220};local llllt=(288/2);local llllbI=(623-200);local lllYhp=llllt+llllbI;local IImmML=(965/5);local lB=(2140/5);local IIxFL=IImmML+lB;local IIITqMD=(1050/2);local IIML=(1032-200);local IIIQEW=IIITqMD+IIML;local llbZB=(1159-200);if llbZB>(341+945-236) then IIIIA=(1159-200) end;local IIIpbHL=(319+953-233);if IIIpbHL>(790-200) then lllliUS=(319+953-233) end;local llbLPS,lllkyaL=(848-200),(975/5);local IB={154,199,104,224,10,2,5,11,157,155,104,90,220,106,222,4,192,85,88,16,95,117,230,188,30,129,187,88,122,0,142,141,88,251,90};local llllvN,llipv=(975-50),(865-50);local IIOy=(741-39);if IIOy>(4665/5) then IIIIi=(741-39) end;local llBbSL={11,46,107,146,89,204,69,240,62,76,86,5,242,120,226,246,41,116,123,60,36,132,117,48,71,12,31,202,143,239,248,252,79,34,123,202,168,14,136,122,81,27,54,30,111,9,33,236,95,92,254,215,168,82,92,224,34,233,236,176,30,201};local lCPhx,IIIIKJeC=(3740/5),(450+326-426);local IIIIxqns=(497+611-249);if IIIIxqns>(401+391-474) then llllxmZh=(497+611-249) end;local IIINR=(530/2);if IIINR>(406-39) then IIIILJP=(530/2) end;local lvt={77,80,215,6,216,106,236,22,234,87,238,51,177,164,94,24,79,71,95,51,67,131,8,199,19,33,176,44,127,163,60,65,236,17,183,179,15,225,106,82,155,22};local lllflkr=(551-90);if lllflkr>(437-50) then la=(551-90) end;local lllNIXv=(787-50);if lllNIXv>(607-92) then lllH=(787-50) end;local llsCB=(257+569-493);local IIIL=(2390/5);local IIIZMNn=llsCB+IIIL;local lllMdz=(1025-26);local llllNz=(753-200);local lZHLY=lllMdz+llllNz;local IIIk={130,29,185,178,61,229,149,78,180,209,129,88,101,119,80,18,241,52,188,208,197,73,21,21,10,117,209,138,206,18,87,170,208,221,13,189,56,104,141,62,110,129,161,145,181,44,179,145,151,208,125,136,199,178,117,95,11,90,25,33,166,95,140};local IIIkMq=(746/2);local lllhlq=(875-99);local IPef=IIIkMq+lllhlq;local IIXYH=(1680/5);if IIXYH>(6+698-129) then lllr=(1680/5) end;local llW=(130+942-398);local IIIILAT=(1718/2);local IIIZd=llW+IIIILAT;local llBz=(912-69);if llBz>(420/2) then llyQy=(912-69) end;local lllNjl,IgMe=(239-50),(620-47);local lYe=(617-200);local IIIICon=(530-50);local llI=lYe+IIIICon;local lxyc=(779-50);local IIfqs=(126-12);local lw=lxyc+IIfqs;local lvYW,IIIzcG=(706-50),(822-50);local IIIIH=(1009-200);if IIIIH>(3305/5) then lpmI=(1009-200) end;local IWT=(375-96);if IWT>(1170/2) then lllXw=(375-96) end;local laTu,lmqCu=(3670/5),(307+104-456);local IIIIIYe=(1000/2);if IIIIIYe>(690-200) then IIE=(1000/2) end;local Ij=(265-50);if Ij>(780/2) then lllNS=(265-50) end;local llllKl={72,96,118,160,37,239,94,111,74,95,46,89,184,164,225,35,140,104,69,65,4,196,245,181,213,243,220,54,83,51,100,251,76};local llllttI={54,35,75,220,90,249,121,232,107,42,185,78,155,69,137,205,114,132,9,32,147,84,83,43,12,193,29,187,172,97,173,251,67,153,102};local INzq={230,32,163,10,214,191,85,44,62,168,233,168,106,151,6,136,194,104,152,227,245,147,139,63,214,162,195,213,178,241,231,41,19,143,213,130};local IIIISx=(4925/5);if IIIISx>(1044-56) then llllqha=(4925/5) end;local IIIfC={5,72,143,45,235,188,64,66,128,54,196,36,147,142,192,166,47,119,69,156,12,193,98,79,90,40,86,36,188,42,65,207,247,203,195,243,51,218,247,181,194,30,128,212,129,246,31,231,197,66,38,249};local llZN={76,74,243,254,65,22,6,192,120,203,181,208,99,52,63,211,178,36,32,170,114,215,70,175,30,136,16,121,68,66,254,10,99,139,158,223,144,21,179,66,151,67,82,179,23,208,33,97,87,86,249,195};local IIeAPB=(4950/5);local IP=(324-96);local lllIVl=IIeAPB+IP;local li={7,100,158,173,164,36,182,185,40,247,23,87,143,240,11,236,48,59,3,107,210,0,46,52,82,10,152,99,199,68,245,233,190,23,186,68,85,202,239,163,33,115,18,98,185,80,25,225,79,28,167,213,198,198,147,175,15,183,71,225,1,123,210,144};local lllPY=(208-200);if lllPY>(390-200) then IIIIp=(208-200) end;local IB=(164-40);if IB>(953-55) then IIMH=(164-40) end;local ILaA={251,112,97,30,70,245,195,89,143,57,243,67,204,140,44,16,151,211,78,161,31,189,190,202,64,123,206,56,218,217,39,167,107,104,240,14,216,144,36,222,45,215,5,18,46,32,25};local IJ=(506-200);if IJ>(1780/5) then lndN=(506-200) end;local llVSJq,IIYv=(1186-200),(469-200);local IJ,llzO=(961-27),(1094/2);local llla={136,65,166,100,242,26,251,221,132,178,203,194,177,22,78,221,186,95,127,158,40,247,20,249,85,34,22,56,36,36,212,193,74,166,205,1,38,21,91,77,187,232,152,18,84,7,237,40,66,39,229,134,27,254,74,112,168,195,238,138,210,142,189,36,178,61,45,142,122};local llMBp=(396-50);local IIIIoxVW=(602-48);local llllPH=llMBp+IIIIoxVW;local llYEM=(1152-200);if llYEM>(796-92) then lllE=(1152-200) end;local IIIICzK,llJGj=(442+90-406),(788/2);local llllw,IDAEK=(720-23),(456-200);local IIIIxk={169,147,159,81,176,129,149,188,36,156,9,22,79,39,35,154,31,190,113,48,175,6,191,165,132,156,223,76,218,113,225,242,17,218,208,6,17,176,86,180,34,186,239,85,57,247,31,19,186,181,99,177,96,71,194,86,141,7,13,1,211,112,23,51,253,37,99};local IIIIN={83,145,48,10,78,84,247,24,225,32,98,136,107,57,126,242,38,221,183,81,207,63,237,108,199,195,253,185,14,174,88,25,64,43,16,145,166,203,254,181,13,66,40,114,232,135,187,40,196,82,44,107,0,95,81,241,23,90,190};local lljeb,IIOai=(422-37),(2820/5);local lZ={153,155,215,194,214,37,17,8,223,18,211,222,65,135,146,116,128,159,64,125,222,186,202,235,18,89,34,149,164,26,112,111,239,61,225,218,92,90,15,77,230,179,32,175,200,253,79,204,198,231,171,153,112,224,63,67,97,48,136,41,189,200,216};local lPwr,llp=(1505/5),(277+75-238);local IHGM=(608-200);local llluHJ=(724/2);local llllIQi=IHGM+llluHJ;local IApV=(280+31-207);local IIIIMl=(829-15);local llKSrT=IApV+IIIIMl;local llytL,IIxmH=(285+68-188),(875-200);local Ior=(128-50);if Ior>(39-32) then IIIIkP=(128-50) end;local llCNzA=(2440/5);local IIIIQ=(1017-200);local llldPO=llCNzA+IIIIQ;local IIIIWhqb=(1092/2);if IIIIWhqb>(639-89) then lllldb=(1092/2) end;local llGS,lllz=(442-200),(325-200);local IIozC={246,118,195,31,8,108,0,46,251,99,1,49,201,248,206,224,104,66,42,171,124,108,148,28,66,175,251,171,193,204,83,56,64,14};local IIInLUz={87,185,169,0,217,109,92,71,122,50,168,145,178,136,127,72,170,233,76,119,166,27,75,13,231,229,252,208,237,239,65,197,130,84,69,87,109,99,212,198,71,0,115,92,152};local llrQ={199,176,142,178,45,188,46,217,167,1,49,54,106,162,141,43,91,69,161,167,119,227,94,75,192,165,135,5,7,182,228,40,175,223,173,162,220,171,47,232,202};local llllvNcS=(112-77);local IIIpj=(1630/2);local IM=llllvNcS+IIIpj;local lllxcl={178,176,122,140,51,185,52,219,42,145,27,28,35,127,171,53,141,165,81,160,21,238,195,132,233,74,76,187,30,146,77,84,175,151,37,206,11,27,181,167,209,77,180,212,249,109,118,200,162,153,121,200,141,79,24,226,106,131,32,239};local lllzV,lllLwLw=(4750/5),(962-50);local lyQB={10,224,217,43,112,117,191,109,126,231,60,57,244,240,151,133,205,119,219,239,168,44,201,6,12,232,201,237,37,146,117,204,53,88,27,186,68,81,250,153,151,78,34};local IIIHsSV=(972-94);if IIIHsSV>(443-73) then llmuyC=(972-94) end;local IIIIPLWC=(403+664-148);local IIGc=(170-50);local IIIgiI=IIIIPLWC+IIGc;local IIIISxML=(721-200);local lllZp=(1182/2);local IIIKgk=IIIISxML+lllZp;local IIv=(775-50);local llllTTzG=(473-200);local llllG=IIv+llllTTzG;local lllfk={72,205,167,111,63,132,214,231,89,239,94,43,58,31,45,169,22,105,154,102,53,90,165,170,118,40,167,28,160,240};
end)()