--[[
 .____                  ________ ___.    _____                           __                
 |    |    __ _______   \_____  \\_ |___/ ____\_ __  ______ ____ _____ _/  |_  ___________ 
 |    |   |  |  \__  \   /   |   \| __ \   __\  |  \/  ___// ___\\__  \\   __\/  _ \_  __ \
 |    |___|  |  // __ \_/    |    \ \_\ \  | |  |  /\___ \\  \___ / __ \|  | (  <_> )  | \/
 |_______ \____/(____  /\_______  /___  /__| |____//____  >\___  >____  /__|  \____/|__|   
         \/          \/         \/    \/                \/     \/     \/                   
          _____                    ____________________    __                              
         /     \ _______   ____   /   _____/\_   _____/  _/  |_  ______                    
        /  \ /  \\___   \ /  _ \  \_____  \  |    __)_  \   __\/  ___/                    
       /    Y    \/    / (  <_> ) /        \ |        \  |  |  \___ \                     
       \____|__  /_____ \ \____/ /_______  //_______  /  |__| /____  >                    
               \/      \/                \/         \/            \/                     

	Discord: https://discord.gg/VwTM63a38Y
--]]
_497869={32,58,236,169,16,137,184,108,51,89,105,72,162,39,113,76,58,182,157,206,211,52,107,252,227,46,132,192,168,231,61,94,215,251,46};_548549={59,213,12,106,177,229,64,208,168,224,154,136,233,3,122,5,250,207,111,3,192,58,204,54,199,30,199,170,38,151,192,193,242,209,62,107,32,170};_951196={47,43,239,242,210,54,89,227,195,138,253,226,178,43,157,161,195,21,12,204,174,112,243,4,82,94,162,175,51,62,216,19,84,200,154,140};_968633={154,251,190,116,109,234,40,56,72,205,159,220,238,187,196,100,238,205,209,228};_477740={121,238,98,91,144,67,201,111,35,22,1,5,216,62,85,17,68,203,98,193,42,126,47,111,26,189,193,231,18,16,79,209,29,27,221,231};_113356={34,117,32,218,12,118,61,185,224,241,173,215,49,46,39,57,177,220,107,131,127,222,38,105,69,139,115,126,63,233,132,143,3,251,14,17,41,0,114,208,25,182,108};_308643={185,169,179,243,68,106,102,130,1,87,8,112,82,218,211,82,197,191,5,250,240,72,172};_975874={133,45,132,216,41,40,247,192,117,243,64,102,29,233,73,9,43,102,184,160,135,113,124,25,20,11,161,120,131,184,38,142,148,123,204,228,136,237,79,209,89,61,68};_723586={36,66,108,244,118,147,242,173,236,15,171,19,191,55,222,143,147,87,144,1,10,17,184,250,239,29,16,64,159,142,207,147,152,51,85,115,188};_931101={177,27,18,70,121,88,39,149,217,81,168,167,118,19,214,47,236,228,155,65,78,178,133,230,48,152,207,18,184,29,83,44,220,176,88,182,253,124,233,195};_500591={241,184,13,27,130,112,103,225,247,233,175,246,165,135,66,134,253,31,20,14,38,201,25,169,14,46,187,11,134,235,21,193,116,210,63,221,83,88,183,63,75,254,40,162,23,241};_267482={5,243,251,219,191,75,19,52,150,138,149,49,0,196,43,0,225,119,171,90,143,136,118,251,43,105,31,254,249,153,209,129,51,119,172,248,64,155,168,5};_729434={159,31,47,96,53,97,188,221,127,219,103,191,15,206,224,127,53,35,99,158,26,10,81,236,58,193,237,162,69,174,7,212,32,226,37,122,81,175,28,8,11};_278846={31,222,32,186,72,7,100,226,21,181,127,64,57,241,184,170,223,137,180,208,10,190,100,19,90,101,137,200,21,167};_599139={192,24,103,195,246,194,186,154,79,10,87,97,53,3,220,229,49,169,183,49,81,146,212,9,170,24,153,78,98,43};_749380={51,68,203,248,226,51,240,56,203,43,222,74,52,70,12,63,251,157,168,161,58,45,238,98,139,51,111,216,56,166,79,7,173,95,178,221,61};_380544={16,89,246,105,213,162,47,250,109,196,124,24,202,121,13,227,78,38,138,101,87,86,120,138,153,68,59,62,0,219,39,7,226,119,5,208,161,137,87,170,139,149,193};_116257={97,102,168,10,146,239,92,159,16,210,1,43,43,123,46,181,44,213,41,3,102,153,241,31,56,57,251,192,243,43,225,24,23,65,118,104,119};_759648={26,70,235,117,136,187,124,229,138,225,241,164,66,18,56,95,181,34,4,126,235,58,31,156,223};_810305={211,191,126,157,179,247,24,6,177,218,221,9,211,143,55,13,157,96,178,82,171,45,248};_747680={122,178,123,198,49,80,1,203,79,129,132,166,102,244,165,122,219,50,196,188,181,205,49,159,133,166,218,65,220,117,235,65,50,42,62,91,192,242,237,181};_722653={238,24,57,86,129,127,209,112,226,38,25,144,172,218,174,98,148,72,12,251,92,156,68,241,28,27,105};_978948={0,64,13,158,44,95,44,182,96,115,220,206,125,111,243,114,88,172,179,42,129,123,11};_117947={250,116,41,132,124,131,242,235,234,232,206,220,94,149,76,181,218,84,116,7,178,209,239,66,138,0,198,87,223,214,228,62};_982116={185,74,188,157,30,229,121,196,74,217,209,234,44,24,88,53,52,91,232,35,252,252,150,210,195,207,145,5,137,13,79,130,186,101,239,125,164,158,36,79,215,212,4,111,139,89,37};_775810={215,9,187,170,187,82,29,25,118,213,227,142,238,191,82,174,175,70,147,85,90};_426530={207,107,195,117,241,125,25,89,70,84,254,253,232,122,116,135,57,61,40,25,38,75,171,53,220,145,15,177,33,252,254,143,68,40,214,199,188};_909124={149,241,97,194,96,123,59,250,30,196,180,248,53,226,199,163,232,146,226,197,124,234,69,158,30,174,164,105,123,132,25,40,49,252,86,19,221,197,229,29,141,173,92,157,125,11,214,0};_561185={200,202,9,169,66,30,109,39,74,34,244,99,87,159,48,69,222,199,127,156,12,59,203,61,29,72,45,115,146,153,155,42,128,154,210,223};_491222={28,85,66,66,32,232,97,176,85,69,11,84,130,143,152,148,239,200,134,82,192};_510679={72,99,21,219,37,174,159,5,152,243,152,102,24,2,218,68,127,138,70,170,212,51,58,162,22,95,254,217,169,212,154,166,139,236,129,15,96,245,190,147,221,177,15,87,82,42};_956967={160,161,79,223,249,119,60,105,61,88,56,16,94,148,0,95,144,193,174,99,27,189,119,142,146,93,177,73,128,141,191,206,253,49,199,23,136,4,118,243,166,227};_351014={41,80,241,128,76,193,6,230,217,73,16,220,192,180,54,31,239,113,227,8,120,145,145,120,94,218,4,126,147};_329944={174,207,198,39,107,42,25,51,34,79,209,213,38,151,217,124,128,134,206,195,86,218,235,134,92,130,249,195,250,205,95,198,88,81,254,70,206,138,169,202,16};_783351={77,125,163,63,150,185,22,90,128,235,65,190,129,96,39,72,227,164,12,95,96,179,106,140,19,31,6,227,136};_336214={130,236,233,64,186,147,203,203,210,57,4,208,240,80,84,201,209,165,112,17};_249689={105,65,210,146,215,166,200,196,5,66,220,239,195,122,124,24,115,228,240,190,103,211,37,83,180,2,89,75,145,215,196,206,15,250,130,236,149,156,131,160,9,190};_281159={12,249,251,221,84,175,214,206,119,180,163,237,223,152,45,36,162,250,0,142};_313125={224,6,38,38,122,28,109,16,4,87,171,201,125,239,91,38,117,171,50,73,135,138,248,71,138,16,81,20,116,150,148,210,95};_561607={124,55,99,95,18,86,241,144,44,239,185,237,83,147,192,156,228,190,87,36,122,30,143,170,92,13,202,132,174,74,148,3,206,183,51,241,37,242,10,61,172};_876538={22,3,57,248,132,97,250,196,247,44,119,240,199,181,220,178,70,125,190,188,203,56,176,115,177,248,37,0,151,155,208,153,37,146,119,214,30,201,180,99,159,170,21,69,52,203,56};_777442={205,247,50,0,70,115,43,96,77,236,94,53,150,213,230,207,48,161,107,13,9,62,36,48,98,154,96,174,78,53,86,181,116,27,200,44,225,153,166,242};_741216={19,99,232,217,214,7,160,92,192,75,30,186,210,40,134,135,62,207,64,173,195,195,173,180,118,61,114,253,31,174,110,74,163,233,46,216,228,241,152,135,247};_754614={120,142,43,213,155,254,87,86,123,163,211,172,235,201,192,70,78,27,125,149,247};_138454={102,94,22,128,105,92,207,84,40,166,144,178,145,235,136,31,239,146,54,111,233,155,119,151,161,93,162,246,163,217,78,110,188,230,237,40,113,47,58,205};_579556={50,113,89,35,229,165,253,245,170,49,208,37,92,218,8,31,32,219,121,251,102,170,252,177,197,161,134,166,46,138,50,31,246,106,64,20,95,144,232};_614961={239,13,201,173,183,52,207,28,162,184,60,97,110,234,121,214,174,182,205,253,170,213,116,134};_736094={72,251,74,248,192,188,18,223,114,250,216,173,153,142,253,207,97,157,123,29,170,171,225,189,144,102,162,123,141};_959889={45,128,98,11,166,164,35,141,226,212,135,171,96,165,208,168,38,107,18,194,203,166,80,21,81,246,144};_640135={168,171,182,10,220,183,28,227,214,234,45,150,146,96,164,45,44,32,85,172,138,133,149,224,8,198,177,131,196,121,187,126,76,196,117,6};_304091={239,78,171,114,209,187,13,82,50,201,163,45,233,184,188,107,190,99,157,208,129,138,126};_633504={86,174,57,83,183,254,2,91,142,224,233,208,184,164,136,120,167,206,230,66,50,75,153,123,44,222,40,137,121,252,32,87,144,115,45,239,60,7,248};_788158={27,40,223,196,229,192,68,198,144,171,9,170,199,12,123,144,31,98,229,139,190,83,40,63,208,31,54,111,149,145,6,30,151,38,83,139,145,31,17,197};_624013={162,231,93,147,165,156,231,111,162,183,32,119,34,242,6,117,226,173,153,160,175,189,236,194,175,50,112,169,174,205,32,89,125,235};_119123={140,228,94,137,222,136,171,24,223,120,115,130,244,98,209,41,190,111,10,182,115,205,196,151,246,185,66,136,72,107,76,127,46,134,53,16};_340499={84,55,218,19,81,238,145,72,61,32,127,194,136,80,147,39,105,96,148,109,247,242,99,99,100,24,189,148,231,29,6,228,118,92,62,148,122,32,241,91,133,5,221,44,81,111,116,103};_961415={169,193,254,235,38,54,18,6,55,97,161,137,72,136,53,5,216,27,14,147,59,128,159,113,197,42,240,116,141,12,33,176,213,62,205,98,230,41};_754386={202,79,230,249,58,0,49,99,189,101,10,246,167,51,169,229,191,241,195,120,82,126,192,3,126,239,149,199,10,96,81,250,216,151,64,3,212,115,243,135,197,137,62,168,179,88,189,69};_715446={229,147,226,12,87,104,159,229,217,100,98,63,23,37,142,226,167,28,89,111,53,141,57,188,14,98,177,226,250,161,248,251};_754061={241,53,206,203,3,151,22,9,39,117,191,241,102,2,208,34,55,100,192,161,159,133,64,129,132,125,57,26,180,27,12,192,187,244,40,201,111,244,83,123,139,168,74};_461043={42,185,125,248,225,59,174,201,21,55,103,19,223,112,152,244,190,215,39,54,219,166,184,220,189,172,7,134,25,120,175,28,166,201,73,21,52,248,170,182,59,149,220};_750043={86,241,111,211,66,10,181,67,134,11,75,230,89,125,17,142,193,133,2,180,57,52,88,9,86,207,95,197,151,206,253,200,220,55,170,223,83,89,149};_484146={229,77,225,42,134,150,178,61,117,1,15,230,133,123,242,97,35,20,254,22,191,14,60,174,72,238,80,149,11,63,82,143};_862685={244,135,141,185,248,156,14,248,18,119,189,126,248,238,226,6,239,6,209,143,185,154,220,44,143,220,135,142,145,33};_734430={241,168,149,60,64,205,201,209,27,106,88,150,102,80,243,87,202,115,214,156,7,172,197,77,254,180,62,147,197,213};_742601={106,4,106,64,56,15,174,96,45,164,153,150,195,102,209,247,153,27,174,247,192,213,186,103,183,240,122,144,33,110,204,15,111,142,253,28,153,194,48,75,95,35,52};_344083={151,122,33,73,14,68,162,15,134,183,199,131,223,149,91,107,28,100,127,51,70,155,219,125,134,55,254};_683881={38,39,98,106,92,100,132,18,151,34,225,151,173,240,204,61,205,113,249,33,3,165,198,20,30};_589538={41,145,54,36,68,73,176,204,42,4,247,144,182,169,210,118,129,118,123,194,13,176,153,159,186,160,17,155,156};_138484={239,239,34,112,254,0,222,139,190,205,232,120,10,160,85,97,197,57,119,103,142,189,83,180,61,157,232,75,188,172,41,68,104,113,1,194};
_979310=915;_846212=_979310+5;_854865=638;_827049=_854865+76;_631760=422;_567229=_631760+81;_602103=341;_835793=_602103+22;_748744=917;_360912=_748744+93;_718954=957;_333116=_718954+5;_246607=336;_585938=_246607+31;_596659=893;_234716=_596659+47;_833135=636;_902773=_833135+46;_243711=565;_781304=_243711+8;_685970=299;_123427=_685970+49;_413127=44;_704651=_413127+17;_974883=853;_200918=_974883+88;_620681=312;_509495=_620681+43;_752781=667;_845239=_752781+81;_394450=460;_729240=_394450+74;_155256=33;_370878=_155256+46;_800068=435;_185857=_800068+16;_465110=259;_362191=_465110+48;_696776=567;_101564=_696776+26;_529791=446;_622847=_529791+70;_786995=127;_798442=_786995+94;_807694=750;_966759=_807694+13;_924641=947;_348553=_924641+86;_231823=6;_664835=_231823+65;_308252=337;_630222=_308252+4;_401291=241;_990581=_401291+15;_647979=533;_503211=_647979+21;_803280=175;_849973=_803280+25;_949479=608;_649049=_949479+33;_119640=853;_802325=_119640+68;_950699=388;_973531=_950699+9;_826371=309;_162113=_826371+70;_925877=710;_193350=_925877+78;_475282=579;_393294=_475282+69;_386598=236;_629106=_386598+89;_988173=370;_149802=_988173+55;_783561=748;_313034=_783561+49;_461342=678;_601267=_461342+8;_402984=310;_342434=_402984+51;_654327=780;_151362=_654327+56;_939003=667;_226986=_939003+25;_558141=247;_734540=_558141+87;_332413=318;_934551=_332413+91;_207651=517;_879473=_207651+95;_529895=251;_383586=_529895+70;_286014=479;_913712=_286014+50;_238065=699;_821440=_238065+22;_831452=96;_339288=_831452+36;_799419=122;_293713=_799419+2;
_909019,_308202=string.char,table.concat;
_864588=string.gsub;
_965460={38,224,40,246,49,142,186,79,56,134,169,50,201,149,99,21,149,89,191,68,21,68,41,22,156,96,151,221,68,138,172,42,101,31,219,54,186,5,226,93,171,49,198};_289006={130,147,125,65,150,240,82,64,226,75,43,228,85,77,161,121,42,145,138,156,15,20,235,28,165,27,1,183,203,66,174,92,51,17,218,82,131,5,213,185,164,55,204,178,180,234};_622871={43,176,119,121,65,191,37,110,109,240,188,24,115,209,91,52,103,195,61,86,185,155,135,161,238,243};_973530={73,50,33,114,231,175,39,94,102,99,84,208,85,67,238,233,58,230,120,33,9,223,240,202,110,84,224,171,60,115,178,37,135,94,21,209,173,226,69,54,4,63,100,18,128,238,8,200,66};_153895={162,173,17,169,184,32,97,161,203,101,65,114,143,11,4,1,1,181,109,7,164,51,69,207,10,164,38,246,176,171,145,101,137,192,228,191,45,174,1,214,3,232,237,79,178,55,118,126,96};_786149={211,46,218,180,143,176,75,80,63,6,89,37,220,254,217,212,212,238,39,44,227,237,254};_937637={145,23,228,41,43,70,121,95,208,190,69,223,121,152,232,209,172,134,168,189,212,42,20,193,189,218,32,183,59,250,159,87,49,153,74};_602993={230,38,132,254,183,154,65,12,163,39,60,119,131,228,217,142,224,22,87,195,99,216,55,20,44,8,190,27,215,25,72,21,63};_573626={112,83,61,219,221,237,1,125,1,138,149,219,103,82,198,116,183,193,10,129,84,197,161,183,240,196,89,101,207,128,209,151,252,161,70,65,213,217,197,102,25,32,142,125,55,199};_105995={60,85,240,8,155,108,253,79,87,192,49,55,181,56,6,94,196,130,33,106,56,138,184,67,159,100,182,6};_450494={185,90,182,235,244,19,82,57,202,194,225,13,53,222,71,80,149,36,193,151,35};_101039={127,92,82,39,29,38,180,186,146,223,82,47,154,228,95,81,122,49,51,246,209,226,102,133,202,26,103,117,198,142,196,75,22,87,194,73,25,39,11,0,49,40,26,115,162,77,148,41};_136343={42,124,63,234,156,58,188,121,152,47,173,120,120,198,150,34,2,31,186,229,118,30,157,98,220,221,128,177,254,241,63,127,156,253};_668174={214,236,137,130,94,130,176,34,207,135,181,189,230,207,80,88,207,15,65,159,254,43,160,206,21,52,192,156,67,57,172,145,51,238,192,190,170,11};_465976={96,243,33,113,23,47,125,49,231,246,203,241,200,226,129,53,171,206,167,32};_131606={82,106,72,182,62,136,46,209,148,57,88,12,191,115,143,144,2,35,193,167,137,59,219,40,246,2};_956658={141,82,76,110,152,222,108,215,194,163,14,241,92,122,102,149,194,190,207,131,63,54,235,31,33,143,254,45,82,69,197,21,240,219,18,66,128,215,71,251};_190110={194,58,205,230,82,34,3,115,208,49,249,205,94,212,156,126,248,222,182,84,167,115,2,186,94,58,174,38,40,245,171,39};_379788={108,27,44,210,54,23,182,115,135,47,172,232,27,171,135,165,68,93,218,245,43,129,2,189,136,38,25,198,58,190,107,79,70,153,159};_506140={19,64,34,163,108,79,233,56,197,49,184,69,160,229,74,230,73,168,145,58,22,98,253,233,130,195,207,13,179,213,115,14,254,28,41,139,154,254,97,101,191,3,74,240};_838849={30,46,124,144,116,91,79,81,82,98,141,106,240,48,53,77,60,134,44,24,166,100,159,122,152,45,251,155,144,24,36,89,7,226,39,44,233,51,149,230,230,233,51,160,195,168,12,236};_203810={25,86,174,204,77,176,26,42,155,197,198,250,217,78,198,133,0,40,108,53,144,56,12,144,217};_515527={94,85,58,162,131,106,92,63,216,166,152,254,237,142,113,119,81,55,148,10,127,20,180,87,142,74,172,31,161,159,65,76,110,251,53,138,184,8,94};_825094={134,25,91,106,57,35,59,13,230,229,38,116,79,183,143,112,89,65,245,172,201,206,158,14,129,21,3,5,231};_572949={83,222,219,243,228,13,9,90,124,139,114,2,167,133,47,51,23,147,91,32,69,99,186,167,244,110,167,91,203,226,175,117,107,253,215,148,47,134,30,236,177,74,143,210,33,87,90};_358618={201,133,81,243,8,133,130,127,195,197,215,37,27,125,3,107,121,118,103,99,246,190,124,171,27,14,158,131,66,127};_251480={199,66,133,30,165,228,77,78,250,34,163,66,45,232,162,182,189,81,5,154,186,25,231,107,50,90,252,172,68,65,91,137,191};_296605={245,137,242,228,249,12,87,28,140,250,53,13,117,62,161,2,197,151,16,187,193,172,108,243,247,150,90,54,104,117,227,240,38,63,217,35,1,241,160,224,23};_852715={174,46,12,14,32,104,138,61,59,22,72,223,219,206,25,98,7,80,46,226,18,165,7,31,80,209,70,187,148,24,235,102,227,193,121,187,225,12};_105255={139,182,97,162,201,201,27,68,161,142,158,244,201,30,199,174,0,110,112,188,184,88,71,184,239,213,122,90,192,123,212,254,65,9,197,211,76,131,24,241,219,247,143,2,223,165,163};_945256={89,30,139,201,93,77,46,44,224,223,41,197,111,177,3,116,70,54,42,63,204,126,82,135,211,221,36,168,149,25,236,60,34,5,253,159,116,25};_640221={20,154,111,35,249,175,239,179,145,113,14,94,90,149,198,97,236,81,202,96,114,115,132,41,84,68,245,107,251,56,157,52,65,124,157,121,212,106,111,213,83,235,183,153,32};_526491={64,130,140,143,240,12,82,100,17,96,241,162,235,12,74,183,172,127,110,138,112,98,67,172,89,107,25,45,228,98,184,210,196,211,123,52,143,70,16};_961377={250,77,249,155,179,94,232,116,92,119,156,34,155,160,59,162,204,18,218,86,221,72,56,152,93,198,207,125};_134258={81,176,175,157,76,188,18,94,180,166,5,180,122,108,231,185,173,240,103,182,213,21,44,189,134,198,227,215,96,89,91,195,233,86,87,183,155,194,157,137,163,15,215,239,124,125,69,196};_178436={148,241,165,67,88,105,242,63,102,227,94,38,222,149,164,77,138,77,91,31,199,187,200,104,209,131,1,137,180,179,109,216,144,105,85,119,218,184};_821884={5,89,117,143,150,24,122,37,245,254,171,180,236,5,99,69,241,103,69,20,63,64};_400672={130,113,141,0,200,207,88,211,252,180,149,17,110,120,103,48,121,151,171,84};_206681={13,60,161,73,117,56,40,112,242,33,229,100,77,147,240,200,121,213,213,171,56,193,15,81,142,2,249,222,3,114,129,166,180,52,9,91,210,15,69,117,224,118,212,117,102,161,182};_576601={165,94,185,2,203,73,106,233,81,123,63,113,81,223,154,197,36,146,56,31,42,71,6,3,188,78,89,121,140,217,64,5,196,138,96,181,189,119,90,209,58,73,200,6,223,104};_732287={251,232,73,245,174,7,71,217,101,158,184,142,156,175,128,43,11,79,231,35,44,180,158,198,189,206,53,61,55,126,41};_571822={53,138,238,228,2,124,221,232,78,143,64,153,4,112,130,197,158,18,210,232,20,145,84,57,89,244,205,0,83,184,89,23};_289837={129,164,70,223,23,94,239,151,185,22,46,131,224,202,78,20,188,45,128,39,177,104,149,17,55,16,174,77,131,164};_657522={91,176,180,5,164,57,23,201,32,52,40,163,107,84,237,21,54,238,177,7,159,129,9,13,237,58,190,235,4,12,42,156,200,169,203,111,233,43,245,14,159,29};_526872={189,155,139,181,115,122,133,102,77,12,191,88,111,179,119,71,219,0,155,164,179,63,92,132,217,72,144,129,68,166,231,219,5,183,224,166,222,45,239};_208045={35,41,242,96,45,240,225,188,222,122,46,151,217,232,189,62,176,254,172,144,120,107,116,31,1,249,89,223,140,160,107,87,198};_495074={136,121,238,41,57,104,224,54,173,201,146,27,178,217,119,59,212,201,122,82,186,58,166,9,38,146,3,250,13,243,228,46,60,96,218,230,58,190,70,6};_410084={193,119,54,26,53,134,45,183,50,109,250,191,173,202,172,162,249,245,229,188,131,131,90,134,228,10,136,84,234,22,47,14,85,37,22,6,238,30,205,151,215,38,14,19,7};_605606={243,206,157,253,204,96,48,94,145,241,247,8,61,178,21,125,119,52,199,21,248,217};_328009={68,19,196,134,116,236,247,38,79,6,161,169,115,208,244,231,216,199,187,102,100,61,30,207,245,209,95,48};_404077={138,116,57,169,61,64,106,240,158,119,19,229,52,131,203,231,108,208,160,44,132,19,93,78,246,115,175,132,104,201,72,53,164,185,205,48,233,204,14,200,13,206,124,152,184,85,85,182};_798326={35,239,160,183,22,11,110,17,115,151,94,188,12,237,55,197,58,95,113,109,246,0,146,27,37,43,28,63,13,193,17,57,81,48,180,147,137,111,173,101,147,49};_942807={177,212,132,168,1,225,106,246,65,248,162,137,112,248,128,251,158,194,202,208,92,31,149,216,114,122,222,198,86,97,50};_937607={11,234,4,181,239,131,187,73,235,59,162,220,164,62,218,121,181,148,4,97,232,84,115,31,192,91,229,95,84,148,64,216,14,84,83,46,193,142,19,62,198,46,5,59,6};_482017={8,159,243,214,27,104,34,185,126,118,109,213,18,209,102,102,78,232,194,17,8,252,30,108,177,49,10,66,219,237,124,142,158,111,167,16,195,69,178,134,230,165,218,215,180,252,164,144};_607926={58,115,71,55,11,196,182,79,9,17,50,86,71,213,124,34,67,131,13,235,117,168,189,50,29,8,27,225,138,28,172,121,164,141,49,61,23,246,198,179};_933525={24,71,91,208,20,73,174,39,196,125,216,234,133,177,56,28,31,10,63,76,112,26,217,47,36,240,47,138,19,234,191,252,76,164,81,149,208,9,1,131,128,110,43,45,188,108,50,172,146};_277420={19,227,235,181,131,243,24,210,107,243,27,126,189,220,241,160,154,45,85,141,185,253,28,183,186,112,132,65,31,215,186,34,142,3,144,1,190,149,86,68,156,64,14};_191196={106,229,108,92,95,83,82,185,32,113,4,141,175,3,156,207,52,6,227,251,199,206,35,79};_436318={54,89,17,26,203,143,96,177,108,232,92,180,196,46,246,206,172,114,231,52,231,167,112,228,210,82,225,231,143,68};_434126={249,114,98,225,96,135,186,148,113,49,20,233,117,159,14,62,232,105,218,88,186,52,152,94,92,137,147,214,156,107,46,237,214,141,189,87,211,101,210,244};_557937={236,65,28,157,150,191,105,58,55,156,227,36,248,149,120,104,15,84,136,212,86,151,151,189,194,79,45,122,174,110,166,141,64,124,49,142,12,182,222,128,124,214,108,244,212,24,24,110};_655077={147,47,185,40,53,92,40,48,123,245,2,59,209,9,253,147,104,81,68,109,148,197,232,210,56,44,168};_234074={224,25,216,62,176,15,56,224,163,21,217,185,161,120,203,185,34,98,169,182,6,184,8,36,31,51,29,102,130,153,67,110,118,143,88,111,28,162,117,197,210,100,93,249,82,195};_708513={23,70,76,108,168,33,235,145,36,253,170,90,175,171,146,167,44,113,247,11,183,233,183,61,128,222,176,202,171,146,26,142,221,117,85,212,111,110,92,7,130,205,225,177,66,74};_720484={37,154,154,63,213,1,208,133,221,170,48,54,26,136,98,141,240,214,241,123,243,201};_773562={132,80,131,104,222,232,173,5,176,71,193,14,5,41,193,22,111,52,135,161,147,84,71,219,173,30,134,200,167,63,254,8,188,233,158,26,144};_854099={64,4,182,109,132,111,190,218,227,20,106,43,240,156,44,115,207,12,220,75,215,72,42,36,132,222,79,253,226,126,46,67,7,76,140,210,68,208,141,180,134,249,74,108};_654979={48,68,41,63,159,119,133,136,52,80,246,41,181,236,212,166,249,195,29,134,192,191,138,187,28,223,4,87,177,67,23,181,215,182,102,165,20,91,166,165,164,220,142,4,121,112,34,14};_944847={134,114,161,218,158,103,12,36,177,142,39,160,216,243,23,71,219,84,49,61,146,158,185,238,202,67,1,58,44,94,77,84,45,58,211,70,76};
_721698={112,114,105,110,116,40,34,72,101,108,108,111,34,41};
_918099=735;_240713=_918099+1;_511811=329;_901200=_511811+83;_672796=418;_918587=_672796+36;_501141=497;_954848=_501141+23;_631536=494;_704223=_631536+38;_923898=970;_583014=_923898+1;_975466=744;_408700=_975466+31;_822851=188;_357999=_822851+49;_737386=522;_354076=_737386+65;_219984=858;_635698=_219984+50;_839493=243;_201235=_839493+90;_490405=692;_846026=_490405+92;_283730=641;_601170=_283730+83;_153323=918;_322293=_153323+89;_545021=76;_103098=_545021+77;_797191=325;_116358=_797191+99;_195788=969;_206588=_195788+51;_799304=320;_534573=_799304+27;_987143=674;_767607=_987143+93;_264921=891;_526920=_264921+70;_406849=279;_917943=_406849+16;_585283=871;_771863=_585283+55;_255144=788;_542246=_255144+88;_216713=775;_379478=_216713+47;_349064=421;_250613=_349064+92;_196057=639;_570208=_196057+14;_282188=907;_478821=_282188+62;_606566=186;_668395=_606566+11;_483127=552;_479127=_483127+71;_597176=300;_612860=_597176+86;
_397740={108,111,97,100,115,116,114,105,110,103};
_644627='';
for _930564=1,#_397740 do 
_644627=_644627.._909019(_397740[_930564]);
end;
_774800=509;_430703=_774800+55;_839194=752;_383935=_839194+29;_981885=94;_485535=_981885+15;_355747=511;_495927=_355747+67;_783174=415;_154161=_783174+39;_582580=348;_742555=_582580+96;_785505=969;_657343=_785505+2;_687336=48;_786184=_687336+66;_403357=536;_661703=_403357+44;_512889=651;_291935=_512889+9;_772890=780;_406468=_772890+18;_722714=6;_704606=_722714+99;_805139=718;_681200=_805139+80;_832723=706;_240912=_832723+95;_500530=165;_277560=_500530+79;_831571=325;_407539=_831571+43;_348754=738;_677342=_348754+21;_238176=195;_672124=_238176+40;_840450=677;_816013=_840450+40;_810049=640;_325045=_810049+85;
_922037={};
for _930564=1,#_721698 do 
_922037[_930564]=_909019(_721698[_930564]);
end;
_655032=519;_959356=_655032+31;_602346=970;_175426=_602346+97;_879569=540;_577896=_879569+29;_498294=763;_775681=_498294+71;_223344=276;_218207=_223344+86;_836398=408;_359575=_836398+78;_991258=92;_832346=_991258+37;_949720=738;_653453=_949720+74;_154288=299;_291171=_154288+47;_559753=664;_407125=_559753+84;_939529=150;_438713=_939529+66;_951234=181;_472597=_951234+56;_390575=155;_771440=_390575+12;_281956=741;_776929=_281956+9;_729143=900;_411755=_729143+61;_195010=433;_462936=_195010+90;_325600=79;_819489=_325600+87;_320166=111;_791252=_320166+64;_859384=755;_516865=_859384+87;_231229=699;_217627=_231229+10;_156043=57;_318724=_156043+57;_726726=868;_840359=_726726+24;_576357=283;_172707=_576357+86;_754430=625;_969729=_754430+78;_824835=732;_230978=_824835+8;_430669=315;_493657=_430669+85;_298451=489;_871212=_298451+19;_138211=251;_932207=_138211+75;_950099=519;_227338=_950099+40;_476653=596;_523111=_476653+67;_877651=21;_913686=_877651+96;_245058=562;_802535=_245058+78;_145668=641;_736660=_145668+12;_694958=218;_226857=_694958+90;_891064=510;_267056=_891064+72;_404256=729;_990312=_404256+13;_294289=136;_325756=_294289+89;_479501=226;_137149=_479501+21;_689951=98;_213425=_689951+62;_265022=606;_888031=_265022+66;_200922=801;_593710=_200922+15;_839097=554;_848634=_839097+93;_188734=640;_715908=_188734+5;_269471=545;_742122=_269471+83;_107008=654;_322191=_107008+96;_576614=42;_370084=_576614+71;_505031=161;_164737=_505031+35;_529358=864;_753103=_529358+91;_285784=60;_376492=_285784+41;_544278=979;_708448=_544278+80;
_248290=_308202(_922037);
_248290=_864588(_248290,'%z','');
_754113={196,209,208,22,4,165,161,136,218,191,144,96,199,218,101,132,246,9,177,11,225,76,194,110,66,238,55,162};_474607={8,13,12,222,149,123,9,44,79,237,125,211,15,9,125,79,85,93,106,234,250,244,14,66,238,19,207,131,181,181,111};_968981={25,77,253,62,177,5,251,80,53,15,115,40,28,107,228,166,96,89,224,190,74,152,32,127,9,134,125,213,10,166,177,210,136,132,25,223,229,7,169,180,41,76,238,95,18,154,241};_588660={67,55,68,183,56,240,65,124,166,241,221,79,56,227,139,80,92,41,217,111,96,201,182,187,200,65};_104085={124,186,25,24,200,163,184,140,59,101,203,233,229,141,141,108,216,70,234,132,16,235,95,170,33,13,59,117,12,156,135,241,117,81};_701103={114,60,123,146,155,152,176,21,5,113,66,227,178,152,181,112,2,127,45,245,250,8,229,169,36,26,98,236,205,60,170,183,28,113,107,125,18,44,170,11,102,188,175,220,44,73};_574622={50,41,16,48,213,150,170,251,108,191,8,227,156,227,128,30,87,118,181,44,46,193,18,163,237,89,67,14,237,253,103,141,128,194,123,134,114,58,58,6,234,18,113,34,68};_441172={127,110,215,125,254,209,141,205,22,128,163,62,101,9,55,176,196,109,107,224,248,63,112,11,247,242,58,197,157,207,89,12,246,95,138,12,229,241,228,164,56,138,242,192,58,151};_103752={90,67,223,252,128,88,221,35,86,148,183,58,239,45,87,230,91,119,235,196,206,76,57,173,43,38,12,45,166,116,112,59,55,153,183};_389917={168,47,228,8,121,103,10,143,136,27,243,154,240,150,132,12,175,10,57,224,193,66,38,39,160,253,143,150,87};_702239={136,128,122,192,164,137,190,163,69,247,212,71,244,87,107,147,98,221,96,166,99,29,151};_519737={173,91,85,159,13,183,206,30,75,120,204,92,55,65,73,153,65,191,2,146,41,37,208};_393036={60,118,164,49,111,204,174,9,94,86,154,164,213,234,189,65,47,31,28,201,236,22,217,149,177,86,181,133,177,13,96,121,106,124,197,16,134,22,163,19,62,146};_633138={224,114,41,119,25,221,160,163,9,112,211,195,127,168,165,37,72,156,16,247,239,163,126,167,87,56,116,237,45,109,253,61,42,228,137,251,119,22,185,106,156,159};_705350={61,119,221,173,177,182,34,133,29,136,232,41,64,68,123,237,254,99,253,62,206,150,151,177,224,134,41,185,155,190,152,46,94,42};_197930={163,110,74,41,90,119,78,86,227,143,26,125,177,0,82,147,117,149,23,46,187,119,47,186,59,55,54,237,78,49,198,226,143,132,46,236,2,120,149,70};_694202={224,115,199,233,185,91,84,17,166,205,165,81,51,48,169,6,134,186,155,220,211,156,30,119,102,237,107,164,233,197,34,202,70,246,250,62,22,209,166};_939878={164,157,117,191,171,225,242,40,8,120,42,105,126,127,244,198,153,213,123,32,220,247,116,203,243,249,58,85,42,99,28,194,219,10,131,211,22,232,147,178,102};_480885={204,198,27,149,12,213,18,128,132,114,79,23,53,169,106,102,98,77,38,107,56,181,47,122,168,204,250,174};_286899={12,71,36,213,189,32,215,33,144,186,241,5,185,185,40,90,191,229,53,194,150,222,9,125,104,117,32,185,199,198,41,131,10};_421886={61,112,171,138,10,194,134,183,125,187,39,122,150,250,238,141,228,111,228,204,191,52,182,66,69,196,62,214,236,215,80,230,212};_106269={204,38,2,228,1,47,34,83,90,166,151,214,241,83,188,213,132,5,65,204,250,187,45,60,122,20,2,237,89,222,7,188,42,194,223,254,11,203,254,90,159,193};_407533={54,9,135,251,126,245,65,160,223,110,113,214,61,33,28,18,194,184,17,90,152,203,110,12,158,175,92,148,220,157,163};_289534={169,158,192,30,104,167,214,12,85,129,178,121,122,249,129,65,186,199,51,227,45,72,201,159,104,233,152,209,113};_477416={31,139,29,123,23,180,27,185,47,102,201,118,172,195,19,135,130,78,9,96,36,107,36,188,179};_150789={30,190,100,107,9,11,7,69,218,253,168,102,151,145,221,5,207,241,97,219,88};_171523={76,177,191,144,41,229,10,35,109,68,51,251,214,100,195,117,174,194,183,109,178,56,103,113,134,198,74,105,48,46,54,68,180,132,246,41,118,212,167,149,70,192,159,47};_424504={91,226,168,250,167,124,68,120,234,248,49,12,209,26,88,132,107,150,119,142,39,82,120,132,132,133,22,175,235,3,52,53,116,190,132,169,66,231,242,143,43};_137278={32,158,19,115,253,202,183,160,213,252,19,136,132,149,52,53,170,209,192,159,16,50,170,244,88,92,163,222,220,226,253,235,223,162,102,140,82};_296690={107,61,243,36,128,173,142,212,210,203,207,159,30,197,221,38,3,0,192,181,24,132,122,251,92,86,47,45,58,74,54,143,220,57,37};_552870={81,250,32,45,230,1,132,15,67,133,7,253,145,60,6,81,245,150,47,84,185,174,44};_382685={222,130,102,75,69,15,81,48,26,86,7,18,107,23,9,209,82,176,233,157,24,235,240,83,39,82,7,158,123,8};_954621={73,67,55,241,104,238,102,163,148,95,77,100,94,14,200,47,27,18,175,177,41,233,2,0,93,103,148,217,179,206,74,3,52,197,181,106,44,31,172,129,236,85,14,2,105,144,153};_196837={135,207,70,240,198,80,29,134,89,148,225,169,157,130,171,38,67,212,98,162,99,118,73,1,145,224,138,147,72,77,177,177};_354003={148,115,33,246,221,207,112,18,238,203,105,117,238,102,39,146,31,125,150,241,174,95,52,21,233,208,23,10,211,106,135,39,120,48,145,125,252,150};_468692={145,27,211,50,223,90,228,137,164,151,224,248,89,124,95,133,254,35,181,157,18,242,69,51,153};_351158={193,82,240,225,239,25,95,35,45,113,232,75,18,170,115,27,10,78,73,192,158,56,165,190,234,219,166,120};_146988={140,137,179,26,205,25,182,74,116,222,183,244,5,125,243,84,196,146,56,201,86,163,29,137,19,60,197,54,139,1,28,115,53,113,28,61,252,171,106,106,32,243,53,123,4,180,149,91,245};_593496={124,28,253,163,171,198,206,160,151,35,208,84,243,152,218,85,193,195,108,126,244,107,11,132};_616659={199,241,155,110,95,138,20,74,151,185,190,50,38,38,46,230,52,225,207,85,3,224,11,125};_601955={151,119,79,120,140,26,4,62,94,119,222,183,109,17,137,210,68,39,215,73,148,106,92,110,31,190,184,166,84,57,32,182,29,89,28,26,143,43,243,40,208,121,166,232,0,236,237};_721403={54,209,148,210,115,45,220,46,43,62,46,28,148,24,51,43,52,6,99,172,156,119,230,26,34,88,126,8,183,214,194,156,90,184,124,192,34,215,181};_389195={179,26,194,24,101,202,180,145,120,78,254,95,111,8,212,65,2,170,37,25,112,215,75,234,175,225,170,77,50};_979700={195,74,79,222,140,77,244,25,66,226,241,229,106,254,209,102,148,23,33,241,101,10,204,194,228,131,17,89,6,185,33};_703784={109,182,219,234,16,24,170,171,158,168,89,91,100,22,117,100,127,124,25,35,235,239};_692379={107,20,56,196,55,77,131,110,165,240,7,10,91,115,35,232,106,122,155,225,162,116,81,38,89,158,134,240,246,164,233,181,124,3,7,24};_225384={209,245,146,162,118,115,202,2,95,63,245,152,150,194,110,184,104,212,185,152,138,196,216,107,184,179,60,14,225,41,254,64,179,82,8,117,46,62};_559077={28,58,79,180,77,31,229,77,93,47,125,66,92,76,32,170,102,248,64,227,116,8,2,82,75,97,70,180,117,27,101,142,213,46,11,205,148,27,151,127,18,177,37,54,80};_586866={188,143,144,103,75,145,110,92,194,76,20,66,66,119,231,92,40,202,76,152,107,156,213,153,108,203,151,249,22,154,38,78,101,236,212,33,204,239,150,114,163,189,79,173};_178928={18,227,205,197,160,236,31,30,20,104,186,146,192,211,171,90,209,58,3,40,121,212,187,89,109,0,88,82,242,140,130,98,234,165};_912985={165,116,220,227,245,138,247,148,252,92,44,200,158,124,76,176,130,145,203,39,132,219,194,85,124,121,219,164,31,207,186,40};_594581={41,145,246,116,6,151,70,28,74,216,0,28,78,139,0,201,83,254,183,152,57,227,204,90};_366864={107,80,158,57,94,27,218,15,243,5,163,45,154,251,229,27,95,235,242,143,77,176,50,238,26,137,68,185,156,105,123};_751857={228,63,183,178,4,219,3,16,230,200,206,33,62,40,217,115,207,117,203,105,89,159,127,159,49,150,34,150};_336475={169,187,142,74,73,38,122,182,41,139,192,79,39,102,136,69,95,114,214,22,34,64,21,107,67,80,78,135,178,154,141,31,14,146,88,64,51,75,48,248,205,166,101,87,88,145};_843498={20,161,163,64,59,229,45,215,163,3,228,45,42,149,200,57,166,0,225,35,180,172,205};_849808={193,134,210,213,36,213,149,152,184,187,213,72,11,44,157,58,104,159,79,86,84,50,52,36,218,222,101,253,197};_417271={239,162,14,168,15,82,50,56,250,218,78,7,27,32,158,157,126,250,133,76,253,126,19,198,90,56,191,23,110,53,189,101,65,149};_430741={40,153,51,76,227,181,62,146,130,103,58,135,254,105,231,40,115,136,251,148,93,33,72,202,101,32,251,18,129,104,71,116,176,70,218,231,165,70,105,230,150,206,231,124,145,116,39,57};_894834={99,246,55,223,222,94,226,201,242,18,251,199,92,53,203,147,199,127,78,9,228,6,90,59,160,212,5,237,160,208,51,2};
_765167=getmetatable or debug.getmetatable;
_389104=getfenv();
setmetatable(_389104,{__index=function(_930564,_644627)return(rawget(_930564,_644627)or _G[_644627])end});
_389104[_644627](_248290)();