--[[
 .____                  ________ ___.    _____                           __                
 |    |    __ _______   \_____  \\_ |___/ ____\_ __  ______ ____ _____ _/  |_  ___________ 
 |    |   |  |  \__  \   /   |   \| __ \   __\  |  \/  ___// ___\\__  \\   __\/  _ \_  __ \
 |    |___|  |  // __ \_/    |    \ \_\ \  | |  |  /\___ \\  \___ / __ \|  | (  <_> )  | \/
 |_______ \____/(____  /\_______  /___  /__| |____//____  >\___  >____  /__|  \____/|__|   
         \/          \/         \/    \/                \/     \/     \/                   
          _____                    ____________________    __                              
         /     \ _______   ____   /   _____/\_   _____/  _/  |_  ______                    
        /  \ /  \\___   \ /  _ \  \_____  \  |    __)_  \   __\/  ___/                    
       /    Y    \/    / (  <_> ) /        \ |        \  |  |  \___ \                     
       \____|__  /_____ \ \____/ /_______  //_______  /  |__| /____  >                    
               \/      \/                \/         \/            \/                     

	Discord: https://discord.gg/VwTM63a38Y
--]]
return(function()
local lliSU={30,161,144,7,4,69,85,20,249,131,51,160,136,165,73,213,184,186,236,164,100,193,0,115,215,5,64,252,140,104,43,251,117,216,184,103,181,115,84,60,122,12,31,139,157,149,7,254,130,188,133,71,251,227,40,3,218,162,110,88,134,178,163,63,40,100};local Iakh={41,167,208,171,113,36,11,87,54,110,127,38,70,185,234,72,69,245,199,150,237,80,64,195,202,155,154,162,40,167,38,239,20,239,208,232,62,124,134,190,121,52,164,245,101,249,88,201,113,126,182,109,138,0,185,1,41,40,120,62,27,246,71,1};local IIIIBLk={105,30,252,71,233,140,108,122,216,92,8,13,155,188,32,91,27,158,100,104,158,177,23,133,23,70,197,90,9,76,175,105,11,111,3,237,41,24,58,189,85,219,173,59,11,213,120,87,39,80,54,251,37,225,185,178,41,97,103,190,130,31};local IWee={234,119,165,211,131,9,236,25,246,164,87,129,17,3,177,244,213,187,91,112,176,243,174,195,156,171,201,151,66,216,207,107,107,126,37,157,14,128,222,70,168,182,169,82,90,177,192,11,190,111,197,92,229,198,182,24,145,155,33,168};local IIIpBSQ={145,216,155,89,36,95,169,250,71,175,186,65,134,206,254,185,43,79,36,227,143,210,175,97,87,11,65,47,21,112,132,80,78,103,2,202,212};local IIIcZXQ={93,61,134,84,115,169,4,25,202,4,223,50,194,175,20,106,111,246,36,24,35,123,238,116,79,121,125,173,2,94,90,2,85,105,22,69,150,196,66};local lk={109,166,137,190,202,107,202,180,216,28,212,162,94,2,85,187,177,139,232,27,23,19,125,194,93,192,132,25,133,40,90,110,100,111,240,56,8,52,128,200,2,146,110};local IIdGQY={65,148,158,48,67,137,0,31,60,25,108,210,18,232,112,95,58,9,160,85,93,217,154,144,158,196,230,223,8,244,94,227,240,67,254,80,202,124,224,143,87,106,89,134};local llc={175,202,85,114,203,122,22,239,200,16,63,132,25,85,29,29,252,164,168,38,81,214,64,39,177,215,214,148,184,29,86,28,179,196,86,142,36,253,22,171,16,78,249,151,203,32,124,60,158,223,18,137,107,49,117,108,153,169};local IIIIE={36,216,208,132,143,249,25,42,115,1,111,196,47,152,104,67,122,124,148,64,115,6,58,3,1,67,17,78,241,139,87,171,214,122,230,53,75,207,243,109,72,101,50,243,93,188,174,75,161,221,212,159,208,157,84,169,244,119};local lnZK={211,146,182,62,194,55,222,195,110,44,56,194,117,240,230,243,121,14,60,15,132,136,29,131,120,142,83,139,177,233,63,103,208,29,100,159,43,146,69,60,175,61,143,62,40,188,121,167,108,40};local IXl={52,212,198,159,210,20,21,189,254,71,242,228,212,91,219,19,109,79,22,57,211,123,192,131,234,53,156,151,186,57,193,183};local IIIks={17,15,230,98,36,181,241,43,127,189,166,82,175,211,185,0,169,249,69,28,28,192,225,116,114,233,139,125,37,204,98,11,203,224,81,85,249,208,63,160,89,78,13};local lL={96,224,24,220,24,17,100,254,58,228,34,150,20,111,62,253,205,12,92,74,160,239,60,115,153,196,209,239,148,230,158,26,211,125};local llllcI={80,8,107,81,90,58,225,201,70,16,52,19,32,139,156,98,177,239,42,15,41,42,64,125,165,126,170,253,251,52,37,106,234,192,218,76,79,81,96,243,173,21,94,77,172,190,118,162,188,49,238,159,68,80,193,91,100,5,22,0,218,203,228,89,46,215,186,128};local llo={34,155,245,30,103,253,118,17,157,82,197,210,116,185,241,92,112,227,87,50,169,131,24,68,139,3,27,30,217,133,86,34,171,15,149,197,188,219,60,179,156,72,121,234};local lX={188,48,249,68,222,129,120,114,200,178,236,86,152,174,184,38,121,42,136,176,17,31,12,156,107,31,44,175,22,165,44,85,8,94,60,55,125,106,163,135,218,102,70,170,234,230,179,172,246,123};local IIIIesF={164,232,211,223,248,252,111,128,209,140,143,173,67,2,118,253,141,172,28,191,245,103,41,224,206,113,150,89,241,204,189,53,168,101,148,97,115,144,186,100,60,183,12,151,189,141,110,168,8};local IIIIaTr={211,56,50,193,201,111,104,59,41,91,160,207,166,95,153,253,135,176,246,210,35,109,150,30,177,203,221,218,4,105,81,76,252,224,195,70,1,196,103,156,208,181,88,199,210,148,121,204};local lllbP={19,171,110,155,254,131,29,154,142,7,144,244,134,114,122,97,17,7,219,115,149,189,252,232,82,0,42,199,254,54,23,0,174,194,37,100,0,25,205,159,91,81,118,29,58};local IIIIZH={216,24,57,189,84,158,244,232,95,167,5,198,152,76,221,244,183,6,13,199,182,173,206,159,19,115,164,167,17,142,161,244,101,161,110,144,93,91};local llllK={123,15,59,158,41,215,201,33,134,100,56,114,71,198,240,108,188,37,31,170,238,199,160,8,20,56,82,187,10,129,36,26,108,4,109,123,14,94,29,99,241};local IY={75,108,85,154,171,184,4,15,57,140,123,104,50,161,35,254,67,104,86,238,41,107,209,89,68,225,69,244,85,66,84,119,160,239,70,45,41,53,28,22,185,100,17,192,190,32,205,39,65,124,122,120,239,149,105};local IIIIajbG={33,132,172,74,157,186,19,182,44,225,100,179,15,112,122,145,34,152,38,216,97,12,145,153,17,241,119,122,157,196,95,182,61,186,85,207,71,30,250};local lllL={211,212,109,85,228,42,90,60,113,111,177,75,71,170,220,35,169,22,183,94,8,216,162,53,93,126,24,12,91,137,125,228,21,55,189,35,142,100,118,205,144};local IIgILc={191,97,62,148,68,229,112,103,220,247,115,49,20,205,109,1,125,137,210,107,119,92,240,180,32,95,179,239,131,134,46,6,109,25,227,227,170};local llV={152,127,188,81,164,248,181,173,29,114,77,134,75,242,152,67,99,93,198,154,140,201,197,50,205,185,201,130,202,213,146,65,55,238,60,90,174,168,244,182,204,69,141,63,211,114,8,195,225,214,197,184};local lsqwZ={24,25,220,148,211,136,229,34,120,179,127,12,151,139,56,144,22,63,73,12,38,239,130,202,232,252,201,116,24,39,88,107,249,126,62,30,139,22,210,232,197,95,123,87,54,87,52,21,122,51,162,42,43,183,24,213,142,231,33,134};local IIIVjy={44,126,241,145,248,172,85,215,156,24,22,177,81,205,10,152,200,133,31,69,16,4,246,3,104,230,10,216,113,125,0,105,216,236,128,162,42,8,5,60,139,229,227,8,107,25,51,3,73};local llla={26,80,163,150,183,186,253,158,30,195,23,138,21,247,171,245,230,167,93,68,105,92,110,6,79,175,181,151,69,153};
local IIIe,IIcMe=(582+5),(619+27);local IIIIqgFV=(388+49);if IIIIqgFV>(2815/5) then llllD=(388+49) end;local lVol=(809+17);local IIqe=(392-15);local llgTZ=lVol+IIqe;local llllNS,lUc=(2541/3),(88/2);local IIVFd,llE=(625-13),(4110/5);local Inz={3,165,28,59,41,152,126,132,5,87,120,8,52,117,188,19,213,134,114,161,180,2,7,207,55,217,248,169,106,193,165,196,170,87,27,56,133,117,126,145,57,93,78,81};local lluB=(490/5);if lluB>(2975/5) then llL=(490/5) end;local llllu=(595+26);if llllu>(1685/5) then llXJ=(595+26) end;local IIk={213,155,175,199,24,64,15,241,137,184,49,253,38,152,66,173,12,167,103,162,222,214,134,248,133,21,249,6,87,53,43,164,184,126,3,18,183,115,156,224,1,250,125};local IIxneN,llDV=(4215/5),(195/5);local IIIIb={71,207,118,213,169,18,102,160,191,59,222,79,233,34,215,172,148,219,82,56,246,101,208,33,15,236,229,205,74,167,43,223,205};local IIZIMe=(11+30);local llllg=(974-21);local llZBCb=IIZIMe+llllg;local lrRSK={33,126,150,184,158,169,148,49,245,225,84,14,252,103,39,196,98,246,59,240,26,243,188,20,48,42,39,19,29,111,236,88,220,128,76,155,134,197,219,60,108,191,98,224,153,221,68,124,129,144,44,170};local IIILorb=(602+46);local lmWbU=(1655/5);local IIIIl=IIILorb+lmWbU;local llllfMAV=(271+10);if llllfMAV>(3625/5) then lllIO=(271+10) end;local llLwJ=(543+22);if llLwJ>(26-8) then llllRG=(543+22) end;local lllnvWu,IIIILN=(2154/3),(123-2);local llllBgz=(890-24);if llllBgz>(416/2) then llllmh=(890-24) end;local ISmZd,llYCA=(1856/2),(3950/5);local IIIBn=(2733/3);if IIIBn>(243/3) then llltZW=(2733/3) end;local llllGuTG={19,177,224,3,111,65,39,124,124,36,62,16,254,93,84,127,12,3,6,222,187,184,152,92,96,241,201,176,232,181,191,232,213,220,159,232,196,141,225,206};local IIIIWmP=(14/2);local IIHE=(237/3);local llllrJj=IIIIWmP+IIHE;local lfeOM={228,99,183,137,145,14,57,79,6,48,134,40,242,209,62,168,120,41,47,170,160,163,4,196,171,59,58,237,5,26,222,170,64,217,238,181,7,61,149,71,164,108,131,181,63,114,24,55,145};local IIIA=(1568/2);local llllvll=(502/2);local llTXi=IIIA+llllvll;local IIIdku=(623+42);local lm=(692/2);local IIIPcMT=IIIdku+lm;local lC,IIIi=(956-47),(876/2);local lqE={96,43,35,197,59,96,85,15,64,145,150,241,14,141,218,233,92,56,30,15,122,74,176,127,61,149,9,134,165,145,180,1,228,197,12,220,153,56,165,215,122,49,11,99,190,180,157,8,37,253,75,46,39,246};local lllwLS=(275/5);local llllui=(3965/5);local lllzT=lllwLS+llllui;local llllJRQ=(353+50);local llllIK=(726/3);local llllS=llllJRQ+llllIK;local llllBs={88,152,12,38,235,212,22,231,84,233,213,161,4,175,109,8,245,34,210,44,16,47,91,60,115,223,172,47,250,88,146,59,32,203,29,180,229,75,228,125,252,230,189,224,134,249,114,242,6,160,221,136,64,66,163,30,223,147,24,67,54,242,80,214,250,173,67,139};local llllE=(1576/2);local IIIIwiS=(27/3);local llYVG=llllE+IIIIwiS;local IIIIiZ,lix=(861/3),(2145/5);local lDFNA=(49+47);local llllls=(1392/3);local ltsz=lDFNA+llllls;local IdbEO,lllFe=(4495/5),(1698/2);local llllxdx=(17+10);if llllxdx>(139-9) then llIBo=(17+10) end;local lllEou=(768/3);if lllEou>(2628/3) then llllyVV=(768/3) end;local lGavf,Ib=(768-46),(653+45);local IIIoyPy=(690/2);if IIIoyPy>(130/5) then IIFfzq=(690/2) end;local IIIIdZGI=(292-50);if IIIIdZGI>(84+24) then InjbQ=(292-50) end;local lllOSkS={200,209,113,155,185,188,132,11,212,100,49,229,192,78,133,103,150,158,104,8,73,238,136,171,233,68,183,47,180,205,191,143,18,208,159,238,162,133,109,177,43,81,155,214,58,0,112,205,130,225,232,42,3,93,130,211};local IIIIe=(1668/2);local IIN=(496+37);local IIIMy=IIIIe+IIN;local llllrL={88,93,231,23,11,132,133,60,147,246,184,214,7,128,82,22,138,209,61,229,246,4,55,57,203,57,28,254,5,224,96,161,7,112,58,88,56,80,101,183,116,173,107,0,252,20,239,38,227,9,129,168,13,199,229,97,126,5,226,18,36,155,180,132};local llkHA=(3695/5);if llkHA>(870-47) then IIIIzkiT=(3695/5) end;local IxbR={99,244,71,239,46,101,97,97,184,50,25,164,63,218,27,99,21,31,18,217,217,64,9,143,135,16,127,32,82,221,45,83,101,187,69,30,191,131,35,106,115,189,175,33,177,226};local lPg=(904-27);local Ibw=(740+11);local llllwVeW=lPg+Ibw;local llllgzWs={220,100,123,159,146,207,248,105,181,32,252,67,164,138,180,0,133,52,6,52,227,100,1,251,115,181,58,216,170,30,9,1,40,39,186,175,165,175,123,117,5,41,121,100};local IIIILe=(1491/3);if IIIILe>(29+34) then lrR=(1491/3) end;local lcbVi={12,93,142,14,182,201,146,215,1,49,22,35,246,101,139,220,215,248,158,22,162,180,105,201,35,73,152,132,235,120,227,196,239,245,120,133,107,132,31,3,39,85,240,230,128,79,145,16,199,157,173,163,16,18,136,121,170,134,209,210,184,6,216};local IIIAPy={54,115,101,83,50,122,211,155,104,182,115,83,201,33,203,29,173,82,26,93,1,17,79,204,186,68,194,129,191,190,220,209,191,11,13,95,125,110,21,9,140,122,34,73,77,38,128,154,55,23,24,170,204,216,246};local llldEiL={46,91,139,243,127,59,26,204,247,48,196,49,60,28,190,30,116,133,193,2,144,133,16,92,225,244,4,138,71,96,111,51,217,41,100,181,146,139,33,27,117,111,198,51,81,89,192,6,249};local IIIooY,IITFma=(4475/5),(4545/5);local IPp,lllzr=(730/2),(1874/2);local IIIIDjV={214,109,248,24,217,210,225,224,183,252,129,228,111,197,104,4,183,148,117,135,180,185,239,61,118,238,1,29,191,137,123,207,32,2,82,63,148,41,42,223,141,110,55,175,51,4,38,199,224,239,200,238,151,80,19,79,118,241,40,200,178,81,96,232,96};local lllhW={33,252,178,141,209,159,121,18,59,233,213,237,128,236,70,31,101,211,38,185,228,177,241,203,176,19,161,95,11,184,1,143,53,249,158,196,78,97,241,93,143};local IIIB,llllmOHW=(540/2),(1467/3);local IIxSOk=(465-34);local ICuG=(399-17);local IIIIG=IIxSOk+ICuG;local llllLx,lgdE=(514+6),(684/3);local lz=(2766/3);local IczHR=(2298/3);local llpjW=lz+IczHR;local IQX=(1329/3);if IQX>(1752/2) then llq=(1329/3) end;local IIIIve,IItXZf=(1252/2),(3715/5);local llEcl,IIpx=(1430/2),(1565/5);local IICmMA=(844-48);if IICmMA>(618/3) then lEps=(844-48) end;local lAKD={82,200,56,99,156,117,84,193,166,113,112,89,170,34,239,175,142,99,123,1,5,132,252,207,60,54,203,233,242,140,133,145,23,130,169,254};local IsMyA,IIIItIk=(2015/5),(588-11);local llW=(791-12);local lsL=(271+47);local IIIrwG=llW+lsL;local IIItRv=(3325/5);local llQeSP=(359-4);local lEs=IIItRv+llQeSP;local IOBW=(1398/2);local llllyy=(1239/3);local IIIIfnt=IOBW+llllyy;local IIIsn=(430-13);if IIIsn>(630/5) then IIIYE=(430-13) end;local lllUHS=(504/3);if lllUHS>(357/3) then IIw=(504/3) end;local lllE=(2388/3);if lllE>(675/5) then IIQ=(2388/3) end;local lltCHQ=(77+5);local ILk=(82/2);local llhyid=lltCHQ+ILk;local ILb={174,58,210,197,241,199,35,100,9,64,134,240,121,210,18,32,147,14,2,17,124,179,31,136,19,57,194,178,103,135,183,205,159,47,89,198,22,220,41,26,54,187,162,240,145,246,220,121,166,97,43,227,101,45,230,26,203,176};local IIIQPtp=(567/3);local IIIIA=(625+28);local lllWd=IIIQPtp+IIIIA;local llluRz,lllwlzn=(2830/5),(2043/3);local Ibd=(717+3);local IIIIBi=(1308/3);local IIIW=Ibd+IIIIBi;local IIIIN=(450/5);local IFLA=(4395/5);local IIIIlwI=IIIIN+IFLA;local lCCC={184,252,199,234,125,102,234,160,238,52,75,13,21,82,106,52,241,22,246,171,84,16,177,89,171,20,182,32,96,218,55,80,93,127,144,166,215};local IZVM={168,238,60,103,115,66,186,58,186,211,174,217,159,191,146,154,4,185,241,211,221,201,250,67,211,86,102,243,189,90,189,183,58,127,22,229,27,198,17,74,11,62,129,149,7,231,106,229};local llltYK,llllx=(3340/5),(410-19);local IIIGDH=(710+37);if IIIGDH>(141/3) then lllMTM=(710+37) end;
local IIIIzw={147,109,179,236,213,172,135,157,62,153,231,72,206,84,115,186,167,139,172,187,224,12,93,49,192,144,171,160,136,242};local IIOj={42,237,162,139,58,105,109,31,73,49,75,223,222,108,206,12,113,35,245,116,123,230,248,126,97,226,107,5,71,8,73,4,206,203,11,157,43,24,186,253,5,224,203,88};local llUVx={98,223,151,23,218,127,83,231,76,126,28,22,103,75,88,23,31,224,233,135,120,114,182,51,153,149,230,218,213,42,96,172,60,205,154,162,66,67,83,49,82,196,26,96,53,106,91,151,40,102,199,97,203,45,211,136};local IIIIhwb={0,158,180,0,50,62,7,216,41,68,206,247,230,240,105,189,2,48,120,200,154,26,25,34,63,236,163,108,182,20,85,233,15,186,10,100,119,84,158,77,163,220,131,164,20,29,142,7,97,25,27,74,168,62,242,138,233,170,79,22};local llllG={195,19,235,133,110,221,195,62,169,5,244,215,84,196,49,227,103,246,212,215,81,114,0,81,207,117,198,28,64,54,154,231,76,31,223};local Iu={58,187,209,87,192,89,217,47,104,77,27,105,105,52,63,165,157,103,235,11,252,192,60,25,55,34,13,130,86,220,25,188,24,202,188,246,58,155,162,200,177,69,205,132,1,230,183,11,53,229,93,210,48,127,73,40};local liVeO={240,146,26,28,147,49,188,242,124,133,220,53,116,147,253,51,88,179,197,0,200,242,34,171,138,120,118,135,209,24,170,3,91,59,7,220,114,108,129,111,84,220,57,106,204,144,47,215,199,148,76,153,118,9,254,210,201,239,161,227,90,56,46,209,88,39};local IIIIXQvx={112,203,198,112,200,37,17,45,145,104,57,167,133,161,193,115,110,243,70,92,28,195,122,162,47,83,100,93,239,129,178,205,214,44,142,153,234,78,181,130,51};local IIIINfgf={113,33,252,142,65,226,120,9,96,35,115,196,4,63,37,18,25,228,239,104,121,223,230,157,33,234,31,187,145,61,223,25,152,196,82,105,188,3,244,196,150,84,64,190,52,157,89,16,44,207,116,17,145};local lllqTRz={183,87,78,59,140,75,14,17,241,74,187,63,175,9,215,34,71,204,185,212,54,65,142,30,118,252,5,164,47,202,192,236,244,205,91,82,196,160,129,199,52,222,94,92,199,57,216,95,147,215,136,109,129,212,58,226,32,52,253,34,247,83,114,25,178};local lllgYm={102,181,79,82,185,74,178,235,91,190,40,133,155,251,32,81,225,174,116,178,213,153,178,73,195,149,195,67,187,102,157,242,94,98,106,85,113,166,80,164,87,105,21,179,110,187,3,161,77,150,191,78};local IoW={232,126,138,39,181,67,106,3,70,39,191,232,66,130,228,128,105,239,12,10,3,41,82,197,47,104,145,57,50,102,42,198,164,97,88,157,143,210,10,231,214,138,69,87,107,53,143,19,68,104,134,64,163,111,104,74,243,153,68,75,148,66,16,235,112};local IIm={135,24,122,178,140,124,37,153,179,160,238,34,145,141,168,210,75,68,236,31,79,38,199,119,76,172,188,136,247,168,144,240,232,1,113,53,206,16,217,148,190,78,216,165,66,149,114,190,164,238,231,206,80,159,85,37};local IIIIuWRI={96,71,161,169,83,157,65,183,196,43,98,36,11,219,52,114,87,163,29,111,10,80,92,74,158,163,206,107,134,67,21,74,22,183,192,75,245,8,72,124};local llllP={233,33,231,210,252,76,221,153,34,172,63,143,28,5,165,79,224,102,64,250,17,82,20,63,72,239,0,213,176,92,183,232,241,5,235,176,72,69,131,47,219,89,31,55,10,140,79,241,35,152,143,193,56,129,65};local IIIIRil={205,26,224,248,213,27,49,135,193,61,45,164,219,92,145,64,238,125,40,191,55,88,172,182,113,152,188,97,81,43,202,236,87,95,4,49,144,172,127,238,176,39,176,254,228,242,50,66};local IIIrL={132,162,162,151,8,204,126,221,121,190,31,0,4,165,117,184,55,98,211,150,84,72,100,157,146,202,144,35,187,98,74,26,167,94,208,3,105,65,204,12,131,107,12,33,130,93,58,108,209,246,101,195,10,38,198};local Ih={146,112,121,73,173,209,239,180,53,178,58,184,44,13,10,211,50,50,154,71,249,185,181,125,173,54,248,154,156,190,218,31,62,74,167,21,49,157,234,59,64};local lllmdh={153,34,237,48,10,150,149,78,31,181,127,165,122,241,199,132,9,130,155,198,86,23,159,189,9,120,136,114,93,65,90,134,119,228,201,21,183,81,90,26,143,126,206,37,93,197,24,245,25,82,101,189,22,92,119,176,103,2,198,245,74,209};local llHI={103,174,4,212,142,169,109,82,179,245,168,117,72,224,33,150,237,33,251,22,108,121,77,236,92,38,203,163,252,229,143,160,68,74,249,170,68,4,36,1,99,102,138,121,228,78,142,122,199,104,239,216,49,82,177,114,25};local IYJx={45,23,152,198,137,121,252,123,216,210,7,154,248,126,117,10,232,30,241,187,244,152,151,163,140,142,196,0,207,175,239,38,194,74,118,58,87,68,67,110,157,198,241,193,17,180,45,94,209,75,249,40,177,117,63,162,177,229,156,195,254};local Iu={53,120,248,232,122,25,194,26,104,90,138,191,180,140,225,125,241,226,242,222,74,232,59,58,118,93,40,194,117,209,152,8,227,104,237,34,160,226,23,226,222,188,176,180,61};local lllliERC={36,186,249,4,187,25,116,153,39,74,99,28,197,24,66,92,52,142,227,139,189,15,196,201,94,83,105,29,139,167};local llGn={246,26,145,182,203,216,46,152,75,104,231,128,89,15,183,90,107,13,184,41,230,128,148,133,97,118,50,96,180,99,200,11,56,228,18,158,160,115,169,163,26,206,217,190};local IIRDv={211,13,150,188,9,108,151,187,22,113,55,166,163,224,92,221,19,184,12,122,104,211,147,251,250,45,230,160,93,75,5,240,82,241,119,221,30,176,11,159,18,95,141,231,40,121,105,154,11,88,203,228,50,181,212,83,193,43,108,102,157,61,118,8};local IIIIoWHE={134,120,146,240,46,63,51,17,177,45,59,185,38,71,211,88,100,174,162,242,183,136,112,172,50,168,92,158,236,137,184,115,7,101,39,78,126,57,154,98,155,172};local IIIkUx={169,155,249,220,128,215,83,15,78,226,95,245,37,28,137,153,6,192,174,10,203,102,113,122,199,237,210,215,230,11,129,41,75,254,199,145,142,140,240,220,91,238,125};local llllJW={226,212,85,208,216,103,29,254,253,200,171,93,153,96,64,31,226,66,128,254,104,77,101,11,223,107,212,20,11,81,173,77,18,86,102,123,29,80,93,44,192,65,165};local IidN={6,113,116,82,170,242,236,65,203,151,102,48,181,225,128,250,179,221,224,221,249,44,235,42,106,182,247,154,8,175,227,83,73,26,180,170,52,228,194,59};local IIIImByY={127,161,177,31,35,127,203,185,71,245,227,230,185,130,213,209,214,8,121,73,107,34,71,165,95,169,230,116,167,4,219,25,16,225,60,42,91,168,67,249,68,229,30,32,252,169,185,89,72,183};
print("")
local lmPT={85,5,126,85,52,51,220,65,104,196,96,31,165,146,92,171,20,116,104,74,142,18,106,113,13,195,24,187,144,139,192,182,40,109,83,37,185,98,244,146,84,196,207,243,96,172,77,203,188,220,238,210,14,6,34,100,81,129};local IIIqaXV={83,140,158,177,192,224,111,233,65,208,5,244,162,179,186,126,158,155,8,226,179,153,55,1,141,57,36,199,14,85,12,113,135,93,105,160,146,211,208,79,149,215,141,241,232,253,121,37,82,27,60,97,103,197,56,124,101,59,72,40,133,78,159,50};local logg={168,183,237,229,28,70,24,55,5,61,230,39,108,174,236,156,106,3,204,11,111,76,146,219,88,245,125,125,121,108,24,198,8,239,118,2,62,48,159,100,158,165,129,40,111,179,126,233,237,184,59,137,121,7,38,44};local IIIMNy={13,51,103,201,86,27,215,53,19,57,172,67,205,223,12,96,17,13,243,198,68,251,156,40,175,172,17,120,88,187,229,94,212,10,218,102,95,243,231,85,8,108,17,151,28,192,124,140,6,12,133,16,82,153};local llBU={158,217,65,254,210,233,90,30,236,151,57,224,154,70,88,41,219,143,7,181,167,95,195,27,195,114,212,100,115,224,252,150,181,140,80,82,191,38,120,121,249,162,220,131,70,200,165,233,251,121,76};local Iv={190,148,229,37,226,13,166,57,31,165,86,203,197,220,63,214,246,74,246,124,250,77,93,48,150,145,120,10,174,148,224,111,169,189,13,32,193,199,224,23,80,95,145,10,12,36,202,95,43,49,242,121,57,12,241,99,58,142,21,105,97,53,150,38,232,221,141,177,69};local llbSn={29,61,112,246,117,241,0,122,46,193,233,241,79,214,194,119,36,41,4,144,217,62,47,4,90,241,15,218,253,41,167,57,146,236,101,34,142,243,96};local lldd={92,180,210,193,218,34,166,112,44,108,108,54,84,58,66,0,24,214,5,84,3,124,125,45,21,156,82,42,189,227,100,124,131,163,215,205,88,91,191,208,247,56,199,218,165,251,225,153,92,221,252,63,180,160,165,125,201,115,50,82,155,13,92,223,89,254};local ImoZ={62,111,27,123,140,56,191,71,81,171,202,46,213,4,160,156,131,56,102,157,219,189,157,133,220,60,113,38,102,22,240,76,238,22,93,114,192,173,0,53,22,54,24,11,76,50,11,143,60,227,126,121,241,194,68};local llmpeD={235,115,96,117,52,251,224,165,88,187,27,146,242,118,21,133,135,79,137,4,113,244,58,172,77,11,63,12,253,3,225,185,118,205,222,103,231,6,206,82,84,199,107};local llYaC={250,22,199,237,198,218,137,154,117,33,206,107,59,203,104,195,2,121,179,174,135,181,76,133,244,102,106,198,31,241,75,136,150,166,12,71,139,4,51,110};local lllng={139,161,171,223,216,60,122,176,50,39,209,196,196,146,231,45,171,121,177,136,52,130,3,19,230,168,103,40,100,215,250,129,77,191,234,238,4,168,28,45,248,119,135,159,128,30,164,131,88,80,111,204,30,41,20,12,204,240,23,25,166,93,133,62,73,181,89};local lluF={84,212,190,20,119,121,169,250,46,158,20,145,193,175,130,79,185,187,173,77,74,193,42,40,93,241,211,127,62,47,105,129,71,22,40,244,87,133,84,205,189,133,166,129,71,64,117,45,190,149,83,208,227,58,147,14,48,207};local IIIISGCD={104,200,125,132,109,93,207,167,122,158,124,108,232,51,30,211,250,192,51,234,5,175,100,55,239,134,17,133,1,221,0};local lllfDN={189,88,55,167,195,124,237,35,244,159,17,118,149,186,25,217,207,245,89,180,121,140,51,6,209,0,75,63,69,18,30,37,71,33,48,39,18,141,183,51,44,222,185,70,7};local lllKYid={101,231,5,138,71,106,252,112,94,215,217,36,127,10,46,119,127,223,246,71,50,242,50,114,162,114,106,204,78,66,154,129,107,91,95};local lllyJ={142,124,97,40,232,202,203,89,165,77,17,29,43,118,212,43,26,25,155,119,44,179,218,116,139,205,137,165,118,92,205,60,85,167,154,37,109,112,8,221,158,195,62,105,139,243,68,136,20,216,215,158,225,95,104,4,147,189,115,202,51,203,229,146,201};local IIISgoM={138,235,3,124,228,234,204,207,47,135,123,153,171,151,151,31,30,85,191,66,242,167,61,204,122,179,21,115,201,132,178,7,154,222,224,79,222,137,92,76,44,129,30,17,252,248,36,189,110,66,238,211,70,142};local IIIIh={163,55,77,145,211,232,22,137,44,132,237,33,72,11,208,223,188,201,188,206,202,250,174,239,196,169,5,229,42,179,118,205,42,46,183,118,174,193,88,181,25,185,148,219,86,254,176,44,88,103,39,72,70,246,152,64,60,41,178,117,215};local IIJL={209,39,118,243,37,250,132,84,145,124,123,184,34,220,131,116,21,190,61,177,105,70,214,148,131,87,28,115,3,185,177,136,56,229,103,208,231,2,171,60,237,201,56,46,144,229,251,102,11,90,158,83,196,51,192,63,118,208,53,138,51,40,15,161,183,173,135};local IIIK={157,195,70,163,211,4,47,51,106,118,167,95,131,216,111,17,128,29,56,120,23,24,12,88,141,229,17,1,106,220,108,218,94,139,77};local llllj={239,118,171,52,92,34,91,108,224,192,94,147,10,35,175,56,30,84,13,82,16,124,94,53,61,37,90,190,136,102,130,143,188,55,88,101,235,40,16,119,154,62,151,77,206,21,173,167,125,197,253,227,108,89,152,239,228,47,148,102,92,122,190,8,75,58,245};local IIFq={8,45,57,3,135,118,39,235,68,18,193,155,69,135,89,116,77,110,138,149,7,2,64,179,219,179,9,100,64,225,41,88,126,81};local IIIvXO={186,65,44,46,122,5,243,243,196,196,194,44,8,215,143,25,18,202,86,138,198,83,172,1,11,72,170,53,212,68,144,123,219,96,181,113,176,143,223,45,251,234,45,2,252,45,173,146,207,108,27,190,35,241,134,113,97,98,34,175};local lL={239,36,246,200,76,183,47,51,229,170,15,134,102,73,205,146,57,122,200,59,3,45,35,39,100,92,83,86,77,252,160,222,252,185,77,243,159,239,242,223,212,120,203,243};local llllO={251,55,130,71,201,75,107,29,238,216,4,175,140,2,60,19,95,68,222,47,160,76,123,40,177,3,205,228,199,144,26,197,21,108,41,1,242,130,218,164,205,149,136};local lll={85,213,47,253,99,172,14,54,137,15,135,223,142,211,234,114,216,103,169,249,53,3,116,16,27,112,57,110,23,68,33,120,92,20,134,239};local lllBQ={65,47,171,208,103,161,4,15,181,19,116,40,68,37,236,235,131,101,134,230,135,189,11,173,38,135,128,110,85,1,153,105,65,160,224,144,116,128,233,160,236,249,133,3};local IGoR={14,26,226,139,14,122,182,46,194,63,166,176,71,129,237,101,173,82,168,44,214,131,11,210,149,111,176,114,250,135,49,71,228,2,12,103,15,102,22};local IIkI={99,129,117,252,22,219,245,8,158,77,29,131,141,115,146,62,18,53,208,151,66,141,84,93,120,213,88,50,104,50,83,253,35,213,227,117,179,105,106,152};local IIIIY={100,121,129,32,38,220,27,110,44,126,113,247,221,10,214,219,167,217,234,117,44,65,107,171,2,242,97,233,72,182,47,81,124,159,153,206,20,110,188,46,17};local IIIJKJR={95,120,23,254,184,73,153,167,53,169,105,121,56,69,127,162,51,203,154,138,161,38,199,226,154,176,103,250,66,18,83,186,217,221,116,89,33,211};local IPLF={96,159,195,146,237,182,17,231,170,155,62,180,11,253,84,132,126,252,172,217,168,252,202,132,2,23,108,114,171,16,176,101,41,176,40,59,253,12,172,119,9,199,37,146,199,163,115,20,19,237,173,27,142,80,67,188};local lzV={207,15,153,233,115,77,236,167,197,228,13,101,187,74,130,32,197,132,54,106,212,101,105,97,125,88,122,34,166,173,89,40,135,145,108,32,132,164,248,133,215,179,214,226,133,221,164,247,45,158,28,166,204,45,65,117,227,240};local IItW={110,92,20,71,6,236,155,253,17,93,67,44,20,67,156,142,35,253,36,187,209,244,170,149,41,55,25,101,129,101,92,205,203,98,30,18,17,50,153,225,156,158,146,179};local lZFBf={238,221,223,114,191,200,170,81,162,226,45,187,6,162,79,39,211,225,50,5,94,77,86,79,190,119,129,94,66,230,195,55,214,242,82,146,161,230,144,130,142,45,138};local IIIgXA={201,201,224,60,104,28,249,207,79,64,15,2,156,147,70,19,214,84,11,144,12,132,222,231,244,150,184,111,254,160,32,252,152,53,239,176,15,12,254,218,6,26,191,8,139,0,45,63,72,159,112,209,158,112,58,161,218,98,155,241,81,200,6,144,175,73,62,220};local llF={42,17,31,24,234,234,204,86,10,114,132,254,17,233,134,254,234,56,166,125,74,66,175,124,59,109,198,74,225,68,214,58,134,238,95,3,17,109,141,178,103,12,188,208,145,250,3,99,102,57,158,150,101,18,222,236,249};local IIIIOrT={89,77,21,19,10,46,118,54,205,190,32,206,173,199,238,123,41,85,104,108,206,21,103,113,27,204,214,86,141,109,164,30,50,49,68,17,238,3,7,99,79,237,85,202,215,250,16,60,222,43,63,50,159,25};local IYf={9,22,27,82,132,109,105,142,121,148,32,188,240,111,53,119,51,86,199,173,106,229,137,221,29,247,103,29,61,183,211,222,78,95,215,101,102,114,62,232,239,237};
local IFVLy,lt=(1358/2),(897/3);local IIIINEGZ,IIIIM=(490/5),(478+17);local llxB=(3150/5);local lADbt=(375/3);local IIIBfRx=llxB+lADbt;local llSfM=(942+22);if llSfM>(447+41) then IIEl=(942+22) end;local llku=(804/3);local llllz=(772-37);local llllMvxz=llku+llllz;local IIIIXvTv,IIepdt=(1470/5),(1860/5);local llFRyB=(498+41);local lllZsIM=(216+23);local llhi=llFRyB+lllZsIM;local IIyy,IIbn=(355+45),(408+18);local lti=(458+31);if lti>(536/2) then llllU=(458+31) end;local llllgZL=(598-30);local llllXVsq=(962-19);local IIIIhvwN=llllgZL+llllXVsq;local lllno,IIchly=(850/2),(416+10);local lllZmb=(747+9);if lllZmb>(1574/2) then llllFbAS=(747+9) end;local IIIIlUB={124,34,199,178,26,39,124,156,249,93,239,43,75,181,143,64,28,67,253,139,218,234,218,97,94,111,77,188,194,111,48,241,222,179,122,141,141,36,51,109,27,21,25,113,212,249,252,76,149,188,215,43,35,133};local IL,IIIIyYsK=(255+8),(396+45);local lljiWK=(1966/2);local IIC=(1088/2);local IIIIcgjt=lljiWK+IIC;local lj=(922-23);local llliCqp=(1766/2);local IIIId=lj+llliCqp;local lDqE,lm=(748/2),(71+22);local lllp={124,213,97,210,34,6,182,61,13,9,117,123,254,138,40,60,38,59,12,157,53,212,184,144,41,171,19,25,71,240,227,249,96,130,66,98,243,143,220,62,220,123,27,14,52,12,75,146,48};local llllaq={244,109,92,26,83,244,187,52,78,166,200,28,236,68,219,162,148,70,14,84,23,45,112,42,59,157,129,90,122,109,11,85,161,98,45,217,17,180,119,4,96,176,61,49,211,137,10,162,127,5,55,44,248,124,92,197,52,208,189,64,169,142,33,67,106,1,58};local IIIbM={2,167,161,223,157,181,0,77,8,61,218,173,148,7,21,47,192,253,177,20,190,135,43,55,170,139,180,168,87,158,36,85,100,160,162,148,145,186};local IIIar={139,51,103,108,60,182,217,176,149,43,202,94,11,107,31,110,253,145,100,182,238,171,161,98,222,124,189,32,15,119};local IIIIJGy={211,30,63,229,157,247,223,244,228,222,242,108,193,12,52,54,93,220,115,176,129,38,186,49,146,8,226,39,130,50,163,155,37,50,203,26,111,13,49,99,74,157,233,23,135,195,181,43,203,86,95,75,232,240,69,211,4,77,0,14,173,157};local IY={67,233,220,8,199,55,178,165,159,36,102,11,88,252,18,197,55,211,25,93,98,88,188,45,145,246,103,88,155,154,249,119,80,216,18,17,45,186,67,149,227,185,168,222,47,123,8,120,148,161,132,74,85,229,22,226,189,23,245,20,216,104};local lSz=(982/2);local llllp=(286+9);local Iy=lSz+llllp;local IFvUx=(1520/5);if IFvUx>(399+20) then IAh=(1520/5) end;local IIIBbWb=(447-40);if IIIBbWb>(737-40) then IIIIWZA=(447-40) end;local IM=(679+33);if IM>(2244/3) then IA=(679+33) end;local IIIIcFz={108,12,24,233,120,222,237,117,38,245,52,102,99,208,32,158,163,110,168,35,97,33,81,203,33,16,180,45,173,251,148,226,43,38,153,170,6,183,202,193,3,88,153,226,199,46,33,247,58,124,168};local lllldJir={206,183,81,131,27,208,49,134,220,14,228,203,194,244,150,61,145,92,154,147,121,243,176,113,52,160,157,252,171,69,13,107,207,76,70,213,15,103,249,186,177,76,18,239,162,44,46,48,44,72,99,40,117,43,74,14,116,2,109,73};local lRsL,lllBTi=(195+29),(2625/3);local IIIIR=(1898/2);if IIIIR>(1390/5) then IIIQN=(1898/2) end;local IIIb=(523-9);if IIIb>(6/2) then IIIo=(523-9) end;local IIIIa=(586-2);local IIInn=(1482/3);local IIIIiK=IIIIa+IIInn;local llllULeO=(4630/5);if llllULeO>(3755/5) then lluW=(4630/5) end;local IIIP=(505+28);if IIIP>(398+4) then IIIDRPO=(505+28) end;local IWf={62,14,113,86,20,188,246,187,0,114,125,95,20,187,37,34,107,157,17,204,201,191,239,196,56,70,34,53,225,107,109,145,59,43,10,246,94,39,93,68,85,153,199,137,155,50,10,43,200,129,142,27,36,67,133,159};local ILISK,IIIpe=(780/3),(190/5);local IIIIXqKs=(764+43);if IIIIXqKs>(1240/2) then IIIqB=(764+43) end;local llllkq={216,17,213,64,59,252,237,180,10,85,191,17,219,192,102,228,222,188,100,59,129,6,40,167,245,250,39,226,23,96,83,133,2,20,225,244,110,125,139,223,149,195};local IIIIIR={86,122,95,93,182,49,221,4,168,243,81,51,186,64,105,136,168,64,39,14,197,133,115,64,188,93,161,6,42,14,51,30,224,63,78,42,172,120,31,44,1,206,199,162,100,198,107,74,45,183,138,8,205,49,102,222,241};local lllWoy,IIlLOl=(949+2),(1378/2);local IIabo,IIEw=(840/3),(633/3);local lQOt,IIPY=(4320/5),(2520/3);local IIIIZJxY,IIIIM=(730/5),(1750/2);local IITu=(1605/3);local lllls=(590/5);local lllldgBc=IITu+lllls;local llllCkhJ=(3500/5);if llllCkhJ>(3070/5) then IIIv=(3500/5) end;local lW=(943-24);local llllz=(40/2);local llS=lW+llllz;local IIhzIb=(528/3);if IIhzIb>(1126/2) then llllK=(528/3) end;local IIqkY=(2160/5);if IIqkY>(3995/5) then lRKga=(2160/5) end;local IPaaG={102,95,71,240,23,199,90,160,32,35,31,194,252,74,178,71,147,183,166,119,59,68,16,38,41,122,87,117,141,63,182,140,75,152,166};local IIAQ=(1145/5);local Ixfh=(456/2);local IETVM=IIAQ+Ixfh;local IIIsDzU={48,161,3,68,41,21,196,7,66,62,69,98,98,89,226,166,139,47,69,97,242,71,239,158,61,81,97,214,202,254,79,85,125,111,217,23,56,182,21,113,164,139,65,163};local IoTZs={205,35,45,36,142,217,147,197,172,163,253,14,236,71,87,83,185,191,237,74,203,68,26,235,176,102,170,51,245,22,126,20,70,45,149};local IIIx=(1491/3);if IIIx>(4135/5) then IyTke=(1491/3) end;local IIIIrSRp={28,108,45,216,61,236,104,80,167,2,252,171,179,68,11,124,124,115,221,90,154,221,235,110,23,99,112,89,169,129,32,169,220,136,174,242,33,238,254,56,253,212,94,160,97,234,152,231,83,128,59,98,33,129};local IIAvjn={204,62,75,97,19,133,177,135,28,143,187,16,231,207,34,164,103,59,105,170,75,114,254,112,40,245,42,128,240,9,242,231,9,29,141,6,197,14,45,167,253,99,246,78,203,56,99,174,200,7,222,104,22,157,203,215,179,212,65,118,62};local IIRQRw={83,49,110,76,178,152,78,125,15,89,28,232,193,243,138,64,175,6,140,135,183,24,21,150,236,143,53,51,18,183,136,152,186,249,135,244,84,222,210,109,135,102,148,247,149,66,231,225,241,205,24,218,176,203,105,188};local llllZIJ={52,225,173,182,25,63,173,245,103,253,254,48,229,14,177,163,241,191,66,16,127,185,142,29,230,223,50,78,223,195,12,161,18,250,178,209,29,201,139,117,111,193,196,36,195,129,195,81};local IIbAv,IIIuqDe=(96/3),(4545/5);local IIxW={45,226,188,62,46,29,208,107,15,4,59,69,238,12,65,218,117,46,245,67,94,119,72,125,224,184,212,8,167,244,108,66,221,28,10,189,31,35,186,168,175,77,189,180,66,40,14,84,107,131,26,169,164,91,3,135,150,109,244,232,117,208,150,47,15,142,72,95,202};local IobM,lllAzB=(150/5),(2919/3);local IIIrJK=(615/3);local lllVbj=(451-26);local lllH=IIIrJK+lllVbj;local lllDjA=(210/3);local IIxbwF=(4215/5);local IIUIRc=lllDjA+IIxbwF;local llRKQx,IIIknq=(213/3),(2705/5);local llSjHw=(1083/3);local IIcPWe=(914+30);local llcr=llSjHw+IIcPWe;local lllNm={92,177,127,211,62,7,92,200,233,190,65,237,76,17,123,78,247,233,26,18,34,22,102,119,195,104,131,245,180,145,235,26,64,47,113,228,39,118,16,193,139,227,30,169,189,84,17,32,207,225};local lQz=(498/2);if lQz>(202+33) then IIouY=(498/2) end;local IIIIzHL={221,40,116,57,114,78,158,131,188,76,250,177,105,249,151,124,83,74,60,198,40,16,71,186,174,190,231,72,162,201,46,203,233,205,34,195,253,228,133,110,139,136,165,250,76,248,203,221,15,145,240};local llllvk=(1350/3);if llllvk>(240+31) then IIIIeFeS=(1350/3) end;local IIB,IIIl=(406/2),(114/2);local llKtmT=(857+21);if llKtmT>(1029/3) then IIIr=(857+21) end;local llgOZ,lllMtbJ=(432/3),(414/2);local IIJt=(785/5);local IIIIzqjM=(2050/5);local IIIRHJo=IIJt+IIIIzqjM;local lToI,INs=(2676/3),(912+41);local llllPxH,IIIgetR=(2265/3),(1564/2);local IIIlN=(990/5);local lntqa=(1230/2);local lRWnL=IIIlN+lntqa;local lQNQk=(566-48);local llw=(1992/3);local lQAT=lQNQk+llw;local llV={99,171,79,183,187,60,132,197,103,110,156,245,35,157,248,131,187,115,72,137,91,132,241,20,30,99,148,153,113,242,126};local lllkj,llPTTJ=(791+25),(2280/3);local lllleN=(1734/2);if lllleN>(182+7) then lllldx=(1734/2) end;
end)()