--[[
 .____                  ________ ___.    _____                           __                
 |    |    __ _______   \_____  \\_ |___/ ____\_ __  ______ ____ _____ _/  |_  ___________ 
 |    |   |  |  \__  \   /   |   \| __ \   __\  |  \/  ___// ___\\__  \\   __\/  _ \_  __ \
 |    |___|  |  // __ \_/    |    \ \_\ \  | |  |  /\___ \\  \___ / __ \|  | (  <_> )  | \/
 |_______ \____/(____  /\_______  /___  /__| |____//____  >\___  >____  /__|  \____/|__|   
         \/          \/         \/    \/                \/     \/     \/                   
          _____                    ____________________    __                              
         /     \ _______   ____   /   _____/\_   _____/  _/  |_  ______                    
        /  \ /  \\___   \ /  _ \  \_____  \  |    __)_  \   __\/  ___/                    
       /    Y    \/    / (  <_> ) /        \ |        \  |  |  \___ \                     
       \____|__  /_____ \ \____/ /_______  //_______  /  |__| /____  >                    
               \/      \/                \/         \/            \/                     

	Discord: https://discord.gg/VwTM63a38Y
--]]
return(function()
local IInU={216,5,55,75,40,195,162,150,115,92,128,55,11,189,98,250,33,223,91,179,5,254,91,116,220,129,68,132,219,113};local IIIIrMU={240,165,155,231,35,40,90,87,138,45,215,9,161,93,137,245,129,99,177,24,41,196,86,155,207,87,90,86,88,147,69,146,43,51,223,192,178,5,249,75,175,140,51,81,164,46,228,250,181,132,225,253,229,8,213,140,24,37,29,19,50,43,118,248,15};local IIo={123,99,160,151,132,186,55,15,58,92,199,248,30,124,82,24,125,92,236,69,15,191,42,186,225,23,41,236,2,188,185,63,251,173,194,147,69};local IIIIvf={92,250,226,238,214,222,1,17,23,55,30,105,229,161,175,182,159,82,182,228,114,95,122,93,200,128,246,22,46,215,25,231,211,23,166,187,170,157,210,33,8,166,28,71,134,47,245,89,175,12,192,136,142,248};local IIIIEVj={148,196,107,133,247,163,185,200,205,48,203,178,159,7,166,199,206,149,30,91,90,2,162,119,153,153,205,40,202,149,232,75,14,32,188,62,201,212,187,112,137,104,104,249,62,115,96,118,68,242,72,220,62,177,105,53,173,24,128,157,247,200,191,135,64,197,110};local IIIIB={119,114,150,171,48,79,246,226,50,97,191,206,100,36,96,171,61,182,95,61,166,143,238,42,246,28,77,177,7,252,244,72,98,49,21,94,52,158,116,137,130,177,227,210,54,140,9,109,124,47,101,195,205,221,1,195,109,190,198,116,188};local IIIJKh={24,3,237,143,12,7,80,7,198,34,43,136,210,247,236,51,38,212,236,158,153,152,237,166,35,67,92,28,92,104,44,222,120,251,181,141,33,171,180,178,138,146,220,28,91,42,61,18,216,91,56,197,109,164,216,84};local IYAG={215,38,152,115,14,64,10,24,110,75,158,177,36,81,23,238,152,113,197,125,221,161,188,78,202,46,30,183,178,160,216,166,111,134,194,41,222,1,7,92,166,165,211,181,48};local IGEPb={113,247,79,10,177,129,17,48,252,88,243,150,159,2,1,29,41,130,67,96,146,94,37,225,137,138,199,58,254,34,181,49,106};local lllc={100,108,244,84,23,94,203,181,196,230,70,216,199,186,97,126,155,97,199,182,44,133,172,9,233,80,61,36,182,23,47,99,231,225,34,234,116,161,99,87,109,127,243,246,95,198,127,211,129,57,83,196,165,60,164,134,10,186,232};local IIIMYRx={64,239,33,235,10,186,245,211,109,17,211,179,226,159,223,25,34,41,41,115,32,11,182,174,82,50,91,193,222,124,87,190,127,238,221,232,234,57,115,19,134,79,128,175,137,57,212,91,9,107,8,190};local IIysG={143,148,215,56,63,46,244,16,93,57,168,245,36,231,32,162,95,189,74,148,123,3,78,37,59,86,119,225,251,165,203,41,126,94,106,119,182,247,232,202,112};local IIIIGsEp={115,22,167,182,132,14,63,155,194,168,138,71,74,137,87,164,203,178,248,28,234,110,161,231,219,63,192,75,110,81,7,2,14};local lllb={238,196,61,100,174,36,123,88,25,143,40,91,141,143,28,200,80,41,105,45,242,150,153,150,183,62,62,79,206,144,171,210,166,175,100,78,40,191,40,41,79,137,70,58,42,142,173,119,198,209,191,145,75,71,164,10,45,141};local Im={156,116,144,214,125,162,199,16,95,202,13,180,73,193,45,154,209,175,203,202,183,32,231,120,101,91,180,86,130,231};local llllchz={51,150,208,64,158,240,204,214,102,38,26,35,58,145,139,93,237,246,150,99,142,127,152,118,166,226,32,155,162,130};local IIFssx={79,153,54,52,14,137,221,151,91,13,61,2,86,180,120,47,129,82,144,20,62,0,131,157,86,170,236,253,196,101,182,178,236,171,210,138,185,128,127,43,195,245,135,46,126,78,245,175,93,77,146,68,100,230,195,185,204,212,195};local lg={68,222,73,107,18,83,244,27,215,106,32,235,243,24,142,187,82,138,153,155,244,143,160,69,16,220,75,240,196,158,218};local IIIcuqF={93,20,155,82,251,33,125,220,87,184,98,220,38,239,132,173,84,145,33,235,17,175,40,15,173,70,230,165,66,3,179,13,230,225,6,40,52,72,209,96,89,26,55,186};local IIO={114,21,91,105,153,194,82,149,86,62,28,139,58,91,77,58,174,67,133,149,187,203,0,44,147,186,54,188,180,78,132,232,23,228,142};local lA={139,16,71,198,90,95,17,41,0,7,250,251,196,94,177,169,18,117,197,173,158,8,212,173,99,101,141,112,139,243,212,155,2,201,238,219,39,9,104,22,246,31,208,2,30,189,113,114};local llltHm={79,214,41,146,110,58,213,232,95,221,64,254,76,96,29,91,209,83,3,36,73,23,224,101,44,138,250,201,17,79,211,2,6,201,104,224,35,32,35,194,148,14,90,210,62,209,108,254,101,117,51,175,30,8,8,244,254,242,74,181,64,92,35,21,218,246,85,176,107};local IIzZwl={19,46,243,99,107,102,229,27,190,185,39,252,46,194,94,197,250,72,94,105,56,38,193,175,46,232,210,47,37,247,164,117,178,114,146,213,49,79,6,73,194,71,129,49,225,60,7,81,147,16,249,134,164,127,25,242,0,45,231,179,63};local IpFQc={184,8,35,152,115,144,37,16,49,165,242,60,199,51,39,253,152,24,241,139,81,97,29,88,137,160,33,52,98,229,182,131,124,168,80,86,182,174,93,226,159,128,96,19,175};local llu={145,11,188,143,71,166,1,32,54,19,156,147,21,160,51,1,0,196,181,63,92,76,112,5,117,203,123,138,108,36,153,142,78,158,178,65,8,19,37,27,138,172,174,228,104,41,192,120,4,176,51,103,0,204,40,249};local IXl={148,58,52,108,17,31,248,194,219,84,153,221,201,175,106,99,132,51,20,109,133,166,41,17,50,0,230,189,241,47,68,30,65,215,97,19,9,252,163};local IIIUYJj={252,122,17,119,99,133,19,206,91,98,160,38,177,250,115,242,84,184,87,205,101,43,62,242,134,227,24,250,29,36,165,4,80,195,96,4,155,67,221,113,84,148,63,238,175,109,203,41,36,243,100,185,166,150,172,43,14,35,252,160};local IIIaPf={102,241,27,210,202,127,96,103,125,225,146,197,37,51,104,55,32,111,221,154,122,160,69,220,201,122,226,47,27,102,107,86,156,161,21,71,73,144,180,96,154,90,200,181,39,31};local IIIR={238,63,117,163,28,243,202,89,145,25,27,0,207,166,129,189,185,56,179,135,140,201,77,26,73,183,169,37,90,106,36,243,238,239,120,50,124,89,43,21,19,140,9,29,33};local IIIIss={201,237,29,186,56,172,120,124,85,240,104,114,236,186,113,100,245,60,87,214,235,6,154,67,32,208,232,48,210,229,104,105,67,198,145,235,16,169,40,169,223,19,75,245,171,218,164,202,27,70,134,245,46,35,228,140,63,174};
local IIIIG,IIQCQ=(17-66),(1040-50);local IIO={38,215,138,177,49,11,85,66,173,59,169,74,150,124,200,182,90,34,86,122,240,208,254,74,217,198,183,141,66,136,248,12,158,58};local llQ=(377-200);if llQ>(105+100-331) then IIIPQV=(377-200) end;local lleJN=(2955/5);local IIIIxg=(262+359-207);local llllzSR=lleJN+IIIIxg;local llGxq=(4235/5);local llq=(273-200);local llllnX=llGxq+llq;local IIIiCDF=(547-50);if IIIiCDF>(4375/5) then lllEu=(547-50) end;local IIIIA=(599-50);local IIIMdDU=(360+911-115);local Iss=IIIIA+IIIMdDU;local IIIth,IIIISyu=(975/5),(465+556-99);local IIIIAEz={196,180,190,114,27,86,190,201,187,136,141,87,20,117,106,182,124,22,237,55,45,13,15,75,114,92,187,6,2,222,53,129,221,39,65,234,59,154,138,107,134,86,76,67,204,174,230,123,170,125,188,88,160,195,191,171,183,220,197,132};local IybKY=(468-200);if IybKY>(297-50) then llleP=(468-200) end;local li=(207-50);local lctk=(106-55);local llNl=li+lctk;local IIuqk=(374+650-414);local lllli=(382-200);local llllU=IIuqk+lllli;local lllh,lln=(2580/5),(327-82);local llPjtW=(1240/2);local IIyyP=(313+336-78);local llllLg=llPjtW+IIyyP;local lrtJ,IIIIVua=(590-15),(454-200);local IIIy=(632-200);local IIIOlpc=(3655/5);local lBEC=IIIy+IIIOlpc;local IIIIq=(495-94);if IIIIq>(1850/5) then IWP=(495-94) end;local lllpWv=(677-91);local llFY=(448-50);local lEha=lllpWv+llFY;local IIIIwr={3,174,36,251,27,207,137,103,8,197,5,61,205,41,87,219,161,183,194,234,172,68,142,156,138,231,48,92,78,44,116,69,184,233,7,2,38,14,79,174,115,53,205,247,241,182,242,174,40,185,157,84,9,64,168,223,146,31,164,51,151,123,4,117,251,154,143,124};local lxB=(1232/2);local IIT=(400-200);local IjpZ=lxB+IIT;local IIIIMI,IIIWos=(476-59),(1115/5);local llK=(1003-19);if llK>(806-4) then IIIAh=(1003-19) end;local IIIo=(799-65);local IWYgF=(658/2);local llZ=IIIo+IWYgF;local lBP=(361+561-218);local IIbFCN=(8+623-289);local llloPN=lBP+IIbFCN;local IIIImgYm,IIFje=(48/2),(135+327-285);local llL=(486-200);local IIIILQ=(432/2);local IHOKL=llL+IIIILQ;local IIIIh={124,4,4,62,186,152,179,98,96,147,2,206,203,22,179,78,182,113,166,254,214,30,137,238,21,70,100,59,59,0,42,7};local llltW,IIIynOi=(442-50),(953-50);local IIj={148,44,240,238,22,18,167,126,39,210,131,81,140,96,180,24,42,10,160,87,23,61,117,70,236,96,164,156,130,148,193,82,72,129,158};local lqqYI=(214-200);if lqqYI>(316+217-314) then IIIF=(214-200) end;local IIIWZqv,IhYX=(740-9),(18+742-62);local IIIIO=(124+913-187);if IIIIO>(675/5) then llllui=(124+913-187) end;local llo=(927-50);local IIJNE=(3300/5);local IIIl=llo+IIJNE;local lllp=(1484/2);if lllp>(1540/2) then lllj=(1484/2) end;local lllXvYL={159,2,55,87,109,114,186,148,77,108,27,38,149,207,77,86,160,57,198,200,82,83,175,0,2,36,185,154,208,20,142,55,11,130,86};local IVke=(2210/5);if IVke>(1043-200) then IIunn=(2210/5) end;local IIIqI,IIIIJppO=(1700/2),(982-200);local IIIp,lllldyKF=(180-50),(2520/5);local IIjc,IIIIu=(252+842-498),(335+214-371);local IIIILf=(95-22);local IID=(833-200);local llllLT=IIIILf+IID;local Il=(1167-200);local llleXe=(514-50);local llQKXZ=Il+llleXe;local IIIIb=(4445/5);if IIIIb>(508-50) then lQ=(4445/5) end;local IIXwZ,llllVv=(346/2),(664/2);local lllVR,lk=(1428/2),(603-200);local IIi,IIIoj=(1295/5),(1680/2);local llMiPI=(505/5);local IKh=(185/5);local lB=llMiPI+IKh;local lllliZuX=(4360/5);local lA=(3165/5);local llllDght=lllliZuX+lA;local lllBUaq,IQLF=(1454/2),(1145-200);local In=(223-200);local llRYck=(133-88);local llllr=In+llRYck;local llllz=(4610/5);if llllz>(2555/5) then IIIBiD=(4610/5) end;local IIYueW=(754-50);if IIYueW>(900-200) then lllYDAF=(754-50) end;local IIncAb=(664/2);local llllsPP=(1092/2);local lRX=IIncAb+llllsPP;local llllo,IIIIzvdD=(271-91),(460/5);local lKMUh=(294-50);if lKMUh>(1110-200) then IIieXZ=(294-50) end;local lllnt=(33+825-193);if lllnt>(1036-200) then llllykgk=(33+825-193) end;local IVBm,lllkgI=(2240/5),(13+206-287);local IlQ=(102-35);if IlQ>(3455/5) then llllmTV=(102-35) end;local lllTzW=(885-200);if lllTzW>(4020/5) then IIzR=(885-200) end;local IIImgB,IIC=(828-50),(327-50);local llllaKvh=(436+696-434);local IIIY=(1042/2);local llllZ=llllaKvh+IIIY;local Icb=(825-200);local IIIISmgK=(1090-37);local IIkj=Icb+IIIISmgK;local llADdN,III=(1398/2),(309+39-164);local lllyS,lllS=(1019-200),(1188-200);local llh={158,205,26,58,128,48,13,93,214,107,118,92,195,7,24,132,106,184,239,95,250,62,127,116,92,115,34,26,162,65,136,94,142,227,229,67,14,198,242,175,228,178,85,234,249,225};local llllBki={41,188,251,233,4,9,94,61,91,137,172,15,139,23,1,43,176,46,209,169,48,184,116,36,242,141,33,196,31,38,122,128,57,168,108,138,94,155,77,221,13,65,231,216,218,9,61,72,233,194,156,203,111,249,175,153,115,21};local IB={122,158,16,235,243,157,40,220,19,134,48,243,42,75,216,53,8,24,227,172,67,119,57,170,166,70,209,136,174,34,15,149,233,121,53,153,243,165,162,205,178,61,54,28,157,244,241,33,231,183,167,19,103,175,128,20,211,218,91,18,88,152,18,35,59,88,156};local lltqRU={184,21,222,45,64,36,221,160,182,3,4,0,138,250,144,7,146,69,106,35,179,205,155,62,133,201,203,161,213,183,114,222,228,69,162,77,51,58,41,188,163,101,246,124,249,52,80,39,87,147,36,136,178,213,80,53,110,232,243,53,210,210,154};local lllluzJ,llllPV=(548-86),(3455/5);local IIIQQ={84,121,222,85,194,57,11,72,163,197,93,127,116,232,251,135,161,222,216,107,167,251,45,135,194,246,204,253,2,223,118,199,9,97};local IIIRMF={175,8,26,77,8,100,44,69,253,5,38,104,132,134,117,180,186,154,6,147,187,225,183,52,191,120,240,23,217,156,130,61,183,26,181,74,131,190,228,216,254,185,92,221,172,155,196,77,48,173,94,61,3,131,144,85,179,246,192};local IIIIUjj=(476-200);if IIIIUjj>(453-97) then IH=(476-200) end;local IIIIVfX,llYpu=(51-84),(288+817-381);local IS=(2995/5);local IIqK=(258/2);local IIIZZ=IS+IIqK;local llNMN=(392-24);if llNMN>(1151-200) then IIpHQQ=(392-24) end;local lloRV=(1738/2);local llpM=(392-49);local IIvc=lloRV+llpM;local IIMOKC={61,211,8,30,154,72,171,25,153,241,13,88,246,148,207,108,86,186,227,49,253,25,152,16,94,250,59,150,27,165,220,57,108,248,86,180,228,70,248,138,201,43,163,57,156,216,145,209};local IIIVQX=(4+895-178);local IIoOfv=(424+365-258);local lllltJ=IIIVQX+IIoOfv;local IIIodys,llllxvKn=(542/2),(762-16);local IIwVoV=(872-16);if IIwVoV>(618/2) then IIIKJt=(872-16) end;local llTicM={238,130,114,133,31,14,188,90,48,95,251,99,96,45,89,214,97,193,223,3,6,210,150,172,154,178,247,180,176,211,37,241,22,174,52,190,198,254,246,1,37,167,89,83,139,105,242,227,76,175,106,22,234,195,184,227,20,242,140,170,239,1,138,193,131,112,245,71};
local lldxh={101,234,18,95,113,55,7,182,53,27,16,134,151,0,23,56,204,224,44,191,234,210,206,32,123,249,67,21,177,245,213,134,214,168,131,78,236,79};local llllCL={17,77,127,127,45,20,111,70,2,125,50,43,167,23,97,195,232,151,44,104,68,148,179,110,140,250,43,120,92,100,127,54,154,149,76,216,153,28,179,0,171,35,33,50,64,233,74,19,214,197,93,111};local llu={206,31,124,175,218,54,229,26,252,146,40,224,78,30,47,59,99,122,88,67,175,237,95,188,253,201,218,36,235,210,210,250,18,143,104,34};local IIIIXak={178,237,209,213,153,225,52,92,134,33,246,101,211,237,122,167,169,90,70,65,231,15,118,188,56,158,132,34,175,177,188,71,42,194,59,200,221,226,138,73,66,251,53,200,83,37,4,39,138,2,151,75,209,22,215,97,178,5,46,87,68,4};local IIIIKfEW={145,198,18,35,46,79,207,35,6,190,253,52,0,10,57,174,84,139,187,197,17,39,4,170,18,244,19,205,96,69,226,31};local luS={189,130,171,139,49,29,143,217,188,82,220,43,46,102,132,50,250,87,171,147,86,223,116,219,134,11,151,246,149,103,71,36,224,108,77,76,115,107,151,43,178,248,0,88,235,4,176,197,48,142,154,29,103,141,132,172,213,240,232,61,206,229,198,155,213};local IIpsx={169,191,80,138,248,223,220,244,140,123,150,39,134,155,3,122,141,85,170,14,5,154,111,147,39,194,125,210,52,101,149,129,121,121,188,30,177,103,104,84,123,27,1,239,31,77,238,214,242,136,33,187,212,87,246,85,189,205};local IIIIlW={90,87,161,65,244,217,19,212,248,4,24,49,16,115,218,199,13,179,192,37,226,22,94,24,82,9,55,49,85,169,84,254,131,27,233};local lllbi={59,29,2,228,30,48,248,242,113,142,193,234,113,36,223,26,221,63,79,237,230,127,59,139,140,136,116,111,62,82,111,226};local lllSBV={174,103,135,242,249,182,111,123,21,78,82,164,139,171,208,203,31,156,69,120,90,122,190,165,245,233,148,185,9,16,247,26,131,86,147,252,224,99,88,13,161,175,238,48,19,104,74,3,201,42,167,124,69,10,60,68,194,23};local IIMQ={26,45,178,139,16,127,63,55,210,156,200,1,185,28,21,168,136,90,195,47,100,186,147,222,94,128,36,7,153,167,142,58,199,186,88,229,162,8,189,175,207,154,193,206,85,34,31,78,249,36,129,2,59,180,233,175,237,78,124,153,229};local IIIWMoO={239,168,247,192,39,76,120,164,104,111,208,80,154,53,30,232,95,133,103,95,229,155,190,118,166,246,199,16,209,143,161,145,26,75,188,178,42,184,209,11,249,23,145,22,235,197,37,155,26,28};local IIma={238,46,232,39,131,199,68,35,146,100,237,33,175,215,205,204,13,185,149,162,213,217,14,226,62,65,193,92,79,216,110,30,220,148,151,88,116,220,80,14,139,124,57,200,180,161,92,148,162,80,170};local IIIIC={176,112,77,230,85,191,178,216,253,20,189,189,104,40,159,101,12,99,178,243,29,42,204,246,13,72,100,55,81,112,206,202,196,98,242,121,150,168,218};local IX={62,212,52,176,66,130,173,50,79,161,224,35,176,170,198,104,201,128,105,30,128,140,202,196,13,161,229,234,29,176,175,125,129,212,132,83,31,250,90,185,48,58,183,237,213,136,241,101,169,166,253,89,102,201,131,20,229,81,24};local IIIIZhyO={60,166,131,66,151,99,225,232,86,251,167,204,36,144,125,242,130,161,196,225,169,68,206,245,94,166,59,146,200,137,38,113,46,211,41,158,85,133,138,78,225,124,73,59,218,8,71,65,75,186,213,129,189,185,199,33,216,238,12,82};local llllVBsk={21,93,80,201,55,160,233,213,228,58,37,84,228,154,26,80,80,37,4,180,72,197,15,56,176,80,194,123,170,161,155,58,151,123,156,195,1,140,74,100,0,0,54,147,7,159,120,59,158,227,195,135,122,123,214,251,48,29,17,165,241,125,52,17,208,54,187,5,110};local IIIAllU={144,140,126,156,123,219,193,56,187,8,94,228,243,184,125,100,187,181,41,235,226,86,127,109,30,159,158,55,253,228};local IA={20,242,238,146,164,173,238,105,201,161,115,109,90,125,124,57,71,55,219,246,54,41,249,56,133,113,200,150,194,109,103,8,20,43,171,137,222,184,32,43,62,181,29,118,0,13,151,77,142,242,66,124,25,60,148,94,90,49,185,179,44,97,107,216,54,153};local IIIio={80,121,144,42,186,205,74,158,186,254,75,119,199,67,143,118,223,184,58,28,91,59,102,141,41,109,0,195,153,229,117,73,137,20,237,172,23,27,139,103,197,244,124,96};local IIIIFTl={141,53,147,93,232,171,132,177,132,32,236,96,52,175,44,146,201,79,171,177,41,86,125,31,100,115,107,191,62,75,228,164,154,192,58,153,73,74};local lllo={216,103,127,65,36,214,198,30,213,130,250,108,136,84,120,214,66,237,10,151,244,84,180,221,213,204,201,209,37,194,157,97,29,185,138,237,77,32};local IIIIUX={5,152,183,204,84,128,249,11,119,148,92,209,51,214,132,130,168,11,133,161,32,205,49,5,54,142,105,103,94,34,143,49,231,253,130,190,196,127,96,181,100,248,214,165,147};local lqSuw={231,227,237,196,121,207,55,165,192,190,159,40,225,238,134,43,249,231,40,120,233,171,79,228,144,217,31,12,145,235,201,121,40,78,61,38,201,174,23,7,152,73,31,61,28,157,121,114,13,65,242,99};local lZq={34,171,80,243,178,248,14,248,79,89,221,108,76,90,19,101,171,228,205,190,23,238,59,228,196,46,73,133,198,50,143,48,46,18,197,95,78,2,232,157,32,182,66,89,53,212,166,188,203,60,60,160,193,22,202,126,124,211,23,54,49,58,108};local IIItHYG={15,198,74,232,33,43,158,25,98,227,250,234,83,190,81,12,221,31,223,174,106,148,42,12,185,167,237,116,15,178,197,74,85,33,93,130,49,196,61,251,210,122,233,129,216,196,238,218};local IIt={163,247,201,210,102,54,157,137,112,86,211,138,106,240,178,176,71,245,199,50,164,231,125,205,57,65,144,132,77,226,49,83,223,25,219,192,117,229,116,174,52,5,166,58,39,157};local lIwVc={168,166,199,238,112,151,195,151,81,112,213,185,140,153,163,73,82,66,252,22,197,55,170,150,82,205,174,168,117,137,85,176,10,43,243,218,169,188,251,1,219,179,154,119,240,44,85,240,247,252,245,235,222,158,183,211,185,73,68,84,99,30,40,149};local IIIINyx={252,160,87,3,126,240,67,201,254,40,239,98,204,252,15,76,130,30,135,76,80,144,111,250,72,151,212,41,24,106,72,35,251,113,224,196,4,88,249,123,13,157,10,100,67,45,109,223,108};local lllRcd={144,151,205,221,139,95,18,193,224,175,42,153,148,202,17,198,142,222,118,125,25,16,50,16,31,131,155,196,160,49,184,56,109,249,116,149,142,177,50,117,239,223,128,105,164,192,234,180,5,51,9};
print(string.char((535/5),((539-200)+(472+105-358)-(659-200)),((49-22)+(505/5)-(208/2)),((656/2)+(216/2)-(6/2))))
local IIo={203,153,173,1,64,45,78,32,183,246,123,183,192,84,140,150,229,160,64,89,158,133,222,98,212,0,186,129,104,211,85,82,214,228,48};local IOsHR={125,16,161,254,21,160,103,207,247,59,27,84,207,137,190,194,134,73,168,6,219,60,101,162,93,58,28,16,245,193,218,30,125,41,194,174,107,153,121,209,195,75,134,233,189,240,156,244,223,112,73,254,34,138,69,180,38,154,245,85,132,254};local lX={81,202,61,227,231,159,144,103,124,230,58,135,183,14,150,161,16,129,170,0,223,247,70,35,183,16,197,92,42,175,172,100,59};local IIY={68,151,32,143,11,107,93,143,60,150,175,26,253,120,252,112,240,252,180,64,3,40,215,49,151,152,224,234,128,66,47,175,6,229,218,147,35,212,1,116,196,105,219,8,243,176,247,195,187,199,60,251,65,229,48,30,81,206,153,120,184,142,157,31,206,234,107,113};local Ipx={71,191,61,58,208,82,7,172,238,63,189,8,71,74,37,215,188,192,175,50,107,194,177,177,179,229,95,164,81,199};local IIILob={143,167,16,96,114,173,9,160,24,126,181,132,32,178,86,78,143,221,103,45,65,245,65,156,68,144,214,234,49,10,127,36,212,160,38,156,17,118,105,177,216,152,68,196,198,20,185,123,18,193,128,30,121,184,232,136};local IIIIvci={126,172,70,168,197,46,122,170,116,82,112,113,163,90,169,21,31,35,36,214,44,44,16,185,7,18,57,43,225,193,250,181,34,94,102,235,110,241,209,119,131,128,244,101,212,15,164,155,132,162,179,94,107,84,147,221,253,57};local IIIITbU={177,187,180,60,209,164,39,91,10,25,209,52,34,211,2,112,201,131,248,74,247,135,69,136,34,192,242,83,45,208,94,127,185,106,51,107,73,25,61,212,79,24,20,147,53,150,159,132,224,71,27,177,48,218,133,127,100,57,183,69,80,213};local IIIzcd={7,68,88,155,12,67,232,207,206,78,35,230,152,187,115,166,219,180,124,16,152,23,173,99,116,209,188,103,169,173,210,85,144,213,39,110,46,40,226,4,29,207,169,99,27,124,185,224,217,249,6,2,118,178,99,242,88,123,46,215,2,47,236,233};local lDEeA={202,246,253,221,150,87,233,129,209,77,250,171,105,114,128,146,55,13,66,216,81,41,30,84,93,53,237,62,112,95,246};local llipAr={182,249,144,22,78,8,162,220,164,59,41,58,195,80,243,110,104,2,218,18,104,57,111,141,177,218,13,137,136,115,27,190,140,26,215,163,46,56,78,118,217,17,72,93};local llVce={217,171,127,68,75,138,8,230,175,218,12,113,156,109,168,149,77,15,88,160,223,46,183,180,40,126,249,20,17,67,24,38,135,169,91,89,76,183,216,98,229,195,148,95,112,195,218,130,226,143,8,113,147,102,108,189,182,76,170,46,244,208,176,107};local IIIlyz={117,62,153,134,75,231,107,42,59,25,99,22,82,76,163,26,119,111,146,205,142,84,103,140,148,253,187,106,7,148,231,65,103,132,179,158,219,215,57,55,149};local lllU={251,185,252,29,130,14,234,254,54,124,70,3,217,231,238,209,19,139,221,31,156,126,69,69,160,111,83,36,219,101,135,107,203,95,57,10,152,7,206,127,61,47,213,227,212,221,134,15,24,152,201,246,38};local llllTnQP={190,218,119,2,42,162,124,154,251,40,231,252,155,32,124,116,79,104,177,117,249,169,231,102,60,77,150,51,22,152,151,233,57,152,119,214,42,247,137,50,252,161,22,217,114,191,88,71,202,90,168,220,122,158,212,62,167,180,62,162,23,44,66,60,236};local lL={213,134,242,204,233,233,78,172,18,188,36,128,12,168,196,224,84,64,52,222,64,116,32,94,57,199,117,50,176,101,244,178,81,82,66,208,117,67,250,151,157,84,166,205,213,19,226,18,68,110,124,115,235,11,0,83,247,129,212,159,245};local IIIIakL={227,20,105,109,68,78,78,204,59,31,194,119,243,52,87,79,41,76,75,3,8,253,203,35,60,94,77,32,86,19,145,156,240,198,2,22,58,56,55,52,175,56,202,74,244,42,228,5,155,213,99,6,95,69,138,169,23,110};local lQJ={197,187,198,26,36,161,252,220,227,232,16,88,207,152,231,79,194,97,227,216,33,57,167,24,38,61,28,188,170,112,113,190,44,110,168,234,229,22,0,213,104,185,171,148,206,76,223,201,222,137,194,162,13,159,61,43};local IIrCR={233,34,99,98,6,61,244,77,229,163,216,88,51,29,49,145,188,117,84,88,25,183,59,84,56,238,23,143,108,98,78,242,39,50,163};local IIqLvJ={155,59,133,187,46,93,195,64,168,125,186,82,205,163,131,40,201,94,142,222,199,80,39,208,125,117,102,165,147,139,11,54,222,159,203,194,218,77,236,69,230,127,202,83,219,47,164,143,104,170,23,108,95,159,137,36,24};local lx={119,246,239,225,10,170,8,129,211,204,130,142,182,194,76,57,247,239,30,209,19,131,73,1,248,93,125,52,149,131,140,142,116,18,155,184,203,21,148,86,77,82,152,35,212,182,84,106,128,25,103,193,61,100,48,205,120,191,52,90,92};local lld={154,146,250,143,68,53,29,133,51,63,64,107,80,209,176,50,17,149,213,156,166,32,124,142,60,43,142,69,79,178,86,106,209,63,33,22,232,167,172,38,155,135,26,18,93,42,226,63,26,83,152,222,200,54,128,31,246,162,69,211,140,24,15,168,97,173,38,126};local IIIHAUF={139,87,185,172,45,33,237,99,212,125,234,79,204,177,43,181,232,31,247,38,229,86,151,55,21,204,168,120,147,244,63,133,171,252,117,132,32,128,140,93,225,123,43,111,232,224,27,199,38,37,108};local llWOiY={254,101,163,177,243,111,112,100,61,66,116,242,95,182,188,71,110,49,121,149,234,225,56,182,49,146,28,41,214,54,171,68,52,212,21,165,233,53,145,124,89,3,121,117,96,85,117,120,230,90,113,67,32,57,35,196,243,14,232,233,85};local lllFGo={129,142,96,74,204,134,230,213,249,175,81,251,233,144,185,232,249,113,110,69,99,216,61,232,90,175,171,109,226,131,46,193,237,61,124,47,39,143,66,91,220};local llNf={118,69,219,136,232,131,11,189,14,139,36,56,153,45,186,82,119,148,90,24,211,145,121,32,228,41,223,192,15,82,74,26,133,8,117,226,72,84,191,72,214,182,37,173,12,10,150,106,242,202,221,53,62,104,79,213,52,119,86,119,4,52,218,88,189,91,147};local IIIIuVn={119,30,111,57,226,54,206,183,29,148,30,163,17,37,162,73,207,102,189,119,68,39,163,32,187,210,142,227,58,200,142,1,152,54,65,150,247,78,151,79,183,204,57,227,166,165,203,68,30,111,113,79,75,247,194,75,204};local IIIIJ={214,222,140,162,145,152,73,210,160,52,114,194,166,197,234,148,201,207,138,182,85,159,207,150,162,160,30,168,80,175,83,197,241,195,149,22,6,23,217,3,41,220,15,9,54,228,43,23,134,93,74,244,6,60,152,220,14,45,68,122,12,219};local IIIEP={153,10,144,185,153,252,116,75,58,68,236,118,237,170,32,218,40,79,153,222,69,211,228,49,3,28,78,100,96,146,228,78,71,177,50};local IIUSM={0,130,225,41,30,194,222,27,73,73,1,20,192,190,108,138,27,28,7,149,202,244,191,213,50,178,78,73,77,175,127,27,20,156,38,110,107,101,254,187,157,93};local llllF={71,161,220,207,24,141,21,212,195,194,80,5,83,72,225,219,229,62,101,112,180,213,25,69,234,33,0,93,64,51,233,21,196,123,215,237,93,202,87,105,80,81,133,53,217,172,63,223};local llllWnE={151,48,242,237,216,30,120,9,3,26,234,107,132,44,102,38,215,19,110,88,122,78,69,180,118,248,250,204,39,140,172,160,29,39,45,133,34,175,194,121,164,237,220,245,60,40,93,207,219,25,84,88,134,105,192,121,55,173,15};local Im={189,193,106,81,34,36,54,74,36,215,11,150,224,213,15,233,0,227,86,150,174,115,24,177,58,210,39,162,78,216,142,209,136,169,3,199,9,139};local IIIIAXp={179,45,38,173,62,46,175,83,166,185,89,16,24,71,33,59,85,185,95,127,59,29,231,134,183,112,44,91,78,111,192,73,189,85,176,142,1,79,66,79,142,100,14,43,246,170,142,36};local llllh={76,36,224,122,221,47,23,105,155,128,138,143,81,216,44,40,235,181,152,136,191,129,13,250,176,81,44,37,101,113,129,159,47,54,134,110,201,148,233,121,164,105,16,165,62,215,249,10,78,86,166,191,73,87,39,159,71,130,98,193,78,53,197,129,31,232,223,172};local IncPp={49,231,187,4,4,191,161,111,12,212,55,86,249,228,250,133,248,74,171,181,82,4,139,75,148,184,194,138,193,220,177,226,133,122,161,81,178,219,204,205,56,179,95,60,254,254,144,134,203,197,87,139,66,131,36,108,99,149,162,76,46};local IIIIKH={143,243,177,183,60,63,218,225,83,236,190,125,34,227,171,36,218,62,120,63,94,225,180,89,89,64,209,254,69,217,222,198,21,44,153,11,68,201,38,167,6,151,41,8,214,104,235,80,144,231,134,8,240,59};local IW={252,111,113,238,167,237,54,248,196,3,163,151,127,91,47,183,0,153,207,0,42,179,237,205,113,213,188,21,38,221,154,82,248,201,184,211,142,66,45,104,18,89};local lllmL={140,167,193,201,178,43,53,193,13,2,59,235,156,141,54,61,188,178,52,6,78,237,114,195,193,87,243,200,42,109,167,211,7};local IIILKRL={235,11,223,184,101,31,254,121,180,135,88,71,39,199,103,102,247,24,241,40,36,208,44,104,219,250,195,250,133,195,117,91};
local ldTYS=(820-50);if ldTYS>(374-200) then lltY=(820-50) end;local llEK={192,160,169,245,79,109,220,58,168,147,163,183,162,148,23,26,106,154,58,59,95,186,77,209,63,120,104,65,196,227,162,243,95,135,252,121,222,85,76,235,94,13,148,84,201,93,49,49,116};local llllR=(857-200);if llllR>(1000-50) then IIMLPW=(857-200) end;local IIIINU=(928-23);local IIIdy=(735-50);local IIIxbC=IIIINU+IIIdy;local lasvN=(672-37);local llllts=(1280/2);local IIJ=lasvN+llllts;local IIisD,llaBcV=(1195-200),(978/2);local IIfa,IhH=(913-50),(664-34);local llllgdb={209,47,13,231,135,245,225,21,251,50,182,144,65,76,55,227,59,54,153,172,233,80,2,135,47,211,153,188,56,34,104,92,154,67,45,112,174,34,8,245,77,254,199,246,101};local IIKOPY=(640/2);if IIKOPY>(165/5) then IIIj=(640/2) end;local IIIIRd=(104/2);local IIIX=(397+212-198);local IJ=IIIIRd+IIIX;local IIK={147,165,122,71,55,167,170,92,184,101,55,86,7,35,54,38,237,90,49,207,200,197,230,146,160,34,59,22,180,168,46,177,213,253,89,162,253,198,33,163,182,159,90,84,80,164,16,120,200,215,36,117,189,223,17,103,118,19,86};local lllWzm=(458-50);local IIg=(378-50);local lllpmxz=lllWzm+IIg;local IIIIa=(582-50);local IIIIwQ=(176-31);local IIJVF=IIIIa+IIIIwQ;local lE=(115+151-415);local lllool=(3685/5);local llkno=lE+lllool;local llllYMGX,IIIIMRid=(118-50),(616-200);local IIIIoO,lVK=(973-200),(4+159-407);local IIIOE=(1182/2);local llllvj=(468-50);local IIVhBV=IIIOE+llllvj;local IdeHV=(1104/2);local lllIAp=(256-200);local llFGuT=IdeHV+lllIAp;local IIs,llllqJF=(691-200),(238+128-183);local lllg=(247+38-80);if lllg>(1024-200) then IQU=(247+38-80) end;local llV={137,5,229,238,223,68,106,177,62,81,179,155,190,205,132,29,164,150,58,15,114,72,197,128,165,13,118,62,30,183,0,152,58,148,97,6,6,228,214};local llOCYR=(53-41);if llOCYR>(110+853-220) then ImHVS=(53-41) end;local llLWjy=(960/2);if llLWjy>(321-200) then IIIIX=(960/2) end;local lUtcW={143,72,13,192,127,76,242,158,84,218,20,52,199,115,191,234,116,138,47,113,237,247,6,221,204,14,175,229,240,65,183,129,38,131,24};local IIIIfJsX=(455-11);local Iek=(467-63);local IIID=IIIIfJsX+Iek;local IIy=(1484/2);if IIy>(972-98) then IIIar=(1484/2) end;local IIIwFPr=(365-25);local IIIG=(313+459-30);local lSUL=IIIwFPr+IIIG;local IIIIQtE=(420+375-242);if IIIIQtE>(952-87) then lIqI=(420+375-242) end;local lTQ,lllyE=(961-200),(394+403-120);local llrbk,lyk=(1200/2),(2425/5);local IIIIsw=(1018/2);local IYw=(210/5);local lllWOT=IIIIsw+IYw;local llllyuM,IIsoKI=(1890/5),(4655/5);local llllYT={17,0,4,1,187,1,133,30,30,78,121,50,182,105,30,235,164,13,3,109,29,3,34,160,179,71,232,16,67,128};local IIIwl,lllDSBg=(953-50),(572-80);local llTGoL,IIzzUS=(319+681-363),(493+135-276);local IIYWnR=(3560/5);if IIYWnR>(347-50) then IXB=(3560/5) end;local lLODi=(947-50);if lLODi>(1288/2) then IT=(947-50) end;local lIb=(993-39);if lIb>(3195/5) then llptXM=(993-39) end;local lllhtH,IIIr=(683-83),(121+993-120);local li={158,59,2,203,216,23,106,205,4,207,41,13,73,47,65,227,133,163,117,50,234,148,218,223,136,74,126,96,202,1,212,92,91,190,52,195,3,119,63,181,207,31,115,9,193,43,26,208,194,241,133,108,206,13,158,35,108,28,211,244,195,186,237,158,147,179,186,117};local lllvn=(1080/2);local IIIIHja=(817-50);local llllXmph=lllvn+IIIIHja;local lllcMO=(1792/2);local IIIpgOh=(701-48);local IID=lllcMO+IIIpgOh;local IIIZnYv=(999-200);if IIIZnYv>(21+699-388) then lllat=(999-200) end;local IIDSCh=(330/2);if IIDSCh>(428-50) then lljy=(330/2) end;local IwVP={19,103,17,5,233,231,103,95,148,206,5,109,164,205,184,105,158,91,163,207,181,110,21,101,90,152,15,113,3,217,118,96,245,200,84,39,91,55,3};local llllPJ={20,131,240,151,61,237,28,74,123,76,12,168,5,8,184,155,88,185,65,99,106,190,33,105,169,178,140,50,39,239,209,193,118,242,229,168,143,164,199,188,246,59,170,211,78,7};local lWpT={112,248,18,189,16,198,216,82,60,136,113,27,46,35,157,82,4,158,16,252,24,225,225,59,68,239,86,164,14,241,247,50,121,181,198,122,159,65,120};local IIIGUr,lltoF=(1902/2),(783-2);local llxzS,lj=(3190/5),(1385/5);local llllVq=(225+579-378);if llllVq>(4005/5) then IIIrTo=(225+579-378) end;local llllC={253,31,155,181,194,91,15,177,194,79,90,101,199,93,229,230,216,246,210,97,115,159,252,131,138,46,82,167,242,143,203,102,8,105,219,87,104,215,59,90,196,182,218,151,210,123,14,219,170,131,70};local IIIIIai=(406-16);local llllzFdC=(144+702-482);local lllw=IIIIIai+llllzFdC;local IJbxf={91,187,222,93,103,90,115,200,17,157,217,37,233,205,41,149,154,187,71,54,184,234,48,71,90,91,113,48,116,70,150,62,78,220};local lRz={48,207,22,20,229,62,64,239,47,68,113,146,67,130,231,171,156,167,178,45,223,215,40,139,155,94,31,250,154,58,253,180,172,230,135,32,102,156,15,82,132,231,185,65,103,109,217,221,174,156,31,35,79,20,46,224,157,189,204,118,213,138,24,52,171};local IIIIwzZX=(305/5);local llllbaX=(663-200);local lllahip=IIIIwzZX+llllbaX;local IU=(848-50);if IU>(852/2) then llLcR=(848-50) end;local llllmaw,llllj=(544-55),(1458/2);local llllpU,lllliWb=(2390/5),(967-200);local Ia,ldCX=(162+866-467),(3175/5);local IIIkTK={91,236,94,194,112,212,42,21,184,198,8,85,192,28,252,60,191,15,192,82,98,248,153,250,108,122,251,135,8,90,97,1,165,244};local IIIvdgD=(341+304-274);if IIIvdgD>(377-200) then IIE=(341+304-274) end;local lllPZIb=(439-200);local lmCf=(1009-50);local IWrF=lllPZIb+lmCf;local llFt=(286+586-16);local lllliPhA=(1764/2);local IIIIFX=llFt+lllliPhA;local IIIIQcE,lllO=(1155/5),(919-63);local IHJa={24,219,21,226,59,87,51,216,239,233,123,106,246,50,220,219,80,104,197,142,246,237,35,190,122,39,102,69,91,11,53,201,11,21,236,76,108,141,14,137,218,21,20,252,84,55,205,174,104,140,171,25,188};local lsoj=(818-200);if lsoj>(4380/5) then lhnmZ=(818-200) end;local lHV,lTBr=(806-77),(102-54);local lKYx=(63-50);if lKYx>(127-50) then llllfgMu=(63-50) end;local lIgT,IIIIsnHB=(307-50),(535/5);local IIIFUvZ=(506-50);local IIIIMiD=(392-57);local Iz=IIIFUvZ+IIIIMiD;local IMT={151,247,13,219,157,31,131,240,95,20,7,82,162,144,49,11,26,249,145,160,101,68,31,6,116,43,10,187,192,72,101,5,213,129,17,206,159,208,162,196,238,125,205,62,229,96,180,183};local llXgq={156,68,107,169,68,176,66,55,46,239,222,155,26,144,108,196,27,122,129,77,193,52,41,77,202,22,78,173,241,221,49,50,236,1,84,207,36,215,204,65,167,113,91,70,139,149,189,115,204,204,177,66,12,23,73,38,114,207,152,73,164,178,172};local IIIIG,llf=(575/5),(2185/5);local IIIIHyZ=(215+344-410);if IIIIHyZ>(1060-200) then IIIAVnh=(215+344-410) end;local IIUmi=(260/2);if IIUmi>(157-95) then IIINx=(260/2) end;local IIImQIE={41,232,22,55,83,50,52,107,132,234,76,182,29,22,139,111,72,47,119,166,26,50,176,175,9,192,247,201,58,100,174,136,138,11,76,61,241,100,167,8,126,90,195,253,48,102,23,123,119,195};local IIIwRnc=(878-50);if IIIwRnc>(279+778-215) then IIIIvm=(878-50) end;local lllL,lllVdA=(495/5),(175+375-208);local IIIIAyyV={147,54,221,183,155,121,194,9,224,130,99,139,179,14,144,101,13,92,94,95,248,146,82,79,16,179,186,211,23,91,57,59,175,121,151,226,124,85,225,167,24,131,207,49,59,72,35,179,217,142,238,58,178,41,121,63,144,246,188,41,30,18,61,18,245,89,36};local IIIIgnDu=(239-200);if IIIIgnDu>(334-19) then IIncNS=(239-200) end;
end)()