--[[
 .____                  ________ ___.    _____                           __                
 |    |    __ _______   \_____  \\_ |___/ ____\_ __  ______ ____ _____ _/  |_  ___________ 
 |    |   |  |  \__  \   /   |   \| __ \   __\  |  \/  ___// ___\\__  \\   __\/  _ \_  __ \
 |    |___|  |  // __ \_/    |    \ \_\ \  | |  |  /\___ \\  \___ / __ \|  | (  <_> )  | \/
 |_______ \____/(____  /\_______  /___  /__| |____//____  >\___  >____  /__|  \____/|__|   
         \/          \/         \/    \/                \/     \/     \/                   
          _____                    ____________________    __                              
         /     \ _______   ____   /   _____/\_   _____/  _/  |_  ______                    
        /  \ /  \\___   \ /  _ \  \_____  \  |    __)_  \   __\/  ___/                    
       /    Y    \/    / (  <_> ) /        \ |        \  |  |  \___ \                     
       \____|__  /_____ \ \____/ /_______  //_______  /  |__| /____  >                    
               \/      \/                \/         \/            \/                     

	Discord: https://discord.gg/VwTM63a38Y
--]]
local IIokZ={9,4,187,38,25,230,141,227,188,75,155,91,180,10,33,31,247,100,217,216,17,63,180,230,86,199,47,82,221,178,155,98,53,90,77,40,48,48,171,178,56};local lllJ={152,243,74,238,216,96,152,48,254,117,90,93,249,91,18,140,76,85,22,14,109};local IIIZy={137,228,188,223,14,20,201,160,50,179,254,151,79,152,198,158,73,218,243,122,39,165,210,6,13,61,79,65,105,79,118,101,50,199,161,62,199,33,75,63};local II5={155,196,155,24,39,118,89,8,14,20,174,153,108,50,187,116,178,234,184,40,180,243,6,84,64,173,84,69,131,244,33,75,244,242,155,133,42,113,224,180,237,112,58};local IIL={129,74,122,28,137,44,127,88,154,39,207,82,160,49,218,141,52,249,46,209,128,156,194,178,210,209,192,140,3,237,167,100,60};local llg1l={194,150,202,147,37,187,14,151,100,23,224,147,102,63,13,97,89,239,80,170,242,32,122,68,61,66,70,232,249,152,171,60,60,214,141,187,24};local IIIZ5={207,97,33,189,71,171,85,85,174,5,171,195,190,56,206,213,183,214,102,87,115,207,50,201,215,118,146,70,193,85,201,80,208,196,151,90,233};local llllS={217,187,16,61,174,98,254,248,224,53,53,164,238,158,225,25,135,17,121,169,176,50,190,107,44,43};local IIIOa1={156,157,174,60,101,90,231,84,69,73,218,166,43,148,82,33,203,43,132,71,50,126,200,161,95,151,172,203,61,178,7,63,104,247,222,37,87,85,93,47,36,103};local lllLM={234,148,219,205,182,150,148,175,48,148,109,92,64,194,34,82,160,215,161,161,146,41,254,201,234,218,180,254,196,168,245,77,169,184,51,19,46,59,213,165,135};local lXtB={184,56,57,240,130,23,218,152,178,189,182,178,122,247,237,78,31,246,234,64,3,18,151,153,215,181,132,192,111,96,159,152,237,204,73};local l4g={62,44,116,126,30,106,45,219,29,29,56,105,43,85,207,8,18,206,141,74,102,154,111,188,250};local lllo={62,68,242,156,252,93,160,171,97,204,195,120,35,97,156,126,114,2,37,111,44,211,147,155,213,89,52,87,142,175,205,62,247,137,98,113,98,31};local IIIr={254,112,96,13,185,35,96,67,12,249,210,64,163,8,104,93,98,16,176,38,175,234,123};local lfUA={93,157,106,3,116,123,22,38,191,230,235,113,227,157,66,111,79,16,220,82,48};local llymZ={215,197,140,93,217,109,218,4,52,157,117,107,168,92,100,247,207,37,242,66,14,24,161};local lllUi={200,39,1,96,27,207,175,206,147,50,246,70,229,181,125,41,120,237,161,190,253,100,7,209,102,214,177,96,68,130,140,5,6,27,195,124,19,226,71,89,92,122,22,43,161,177,12};local llllg={209,208,165,40,128,60,228,238,215,117,51,24,99,173,210,43,7,51,103,222,24,18};local llllD={137,105,227,134,74,6,153,204,90,94,153,184,125,217,80,163,202,146,34,133,127,35,126,131,163,28,29};local lll8O={191,254,46,155,114,82,141,208,204,180,90,4,51,118,194,107,5,147,178,191,43,42,80,87,183,81,8,47,184,229,162,118};local llll7={0,68,145,215,126,49,133,179,30,99,57,87,61,215,181,116,128,84,250,74,187,112,115,62,103,59,26,159,218,139,233,111,3,91,82,50,244};local I4={225,68,80,140,197,194,239,156,47,243,49,109,156,185,239,120,97,116,127,28,22,29,139,248,131,22,76,150,249,246,237,11,99,183,192,90,187,135,200,237,218,53,161,103,109,153,49,77,220};local IMQ={114,153,122,35,27,168,19,104,190,35,119,81,99,216,102,156,3,87,77,52,171,226,179,109,108,49,77,192,115,133,168,201,157,240,79,185,129,151,11,103};local llcj={224,29,4,104,53,81,53,25,235,191,32,124,19,137,16,231,156,85,151,97,239,233,94,69,185,83,106,189,64,87,109,93,200,138,106,189,197,89,159,129,12,197};local III0={2,211,2,153,65,153,231,16,123,218,211,202,188,181,211,171,197,58,73,54,73,129,195,81,232,144,41};local llvm={212,112,210,253,144,65,202,174,23,135,75,5,96,74,34,124,126,244,129,8,3,175,121,235,191,79,107,41,124,50,45};local IIlj={181,175,249,29,63,100,196,229,40,241,166,106,228,221,157,15,253,148,65,177,46,60,68,129,36,103,239,4,110,25,239,116};local llle={230,237,214,33,48,195,73,140,131,240,66,27,182,89,34,41,178,115,73,94,45,119,243,35,253,181,250,97,8,13,120,6,64,19,222};local lllW={100,157,31,166,162,144,174,238,172,27,107,76,140,4,213,28,158,51,137,67,53,241,5,53,25,129,59,207,91,195,207,191,62,151,193,130,118,226};local llmd7={62,146,19,213,197,71,66,43,184,163,82,45,61,225,154,108,11,138,31,179,209,163,239,83,25,190,213,0,87,73,151,18,202,251,201,100,106,18,233,177,99,173,124,169,21,165,124,229};local lvs={180,211,138,220,168,33,249,84,52,10,235,154,58,9,165,207,254,211,33,254,93,120,179,53,205,143,101,50,103,81,239,35,18,27,161,94,138,249,208,183,165,200,128,101,253,77,136,191};local llllM4={9,153,28,156,126,152,171,194,33,195,209,155,119,154,95,171,184,28,243,3,226,134,107,244,46,105};local I3Xx={5,144,3,45,58,145,8,138,50,59,33,55,209,152,48,157,226,79,11,227,60,217,68,21,43,138,98,176,25,124,83,110,54,115,42,212,31,122,160,241,190,230,15,251,242,54};local lu={21,234,194,127,222,30,67,205,81,21,97,107,232,89,7,44,2,119,73,45,77,10,7,105,237,95,219,163,61,227,31,243,24,123,125,103};local IJ={118,93,2,89,200,190,197,89,83,62,152,151,138,168,83,230,119,159,119,222,227,147,161,105,31,211,235,25,110,120,37,164,114,220,18,230,15,143,252,45,3,29,170,7,188,178,241,7,97};local llJ={148,202,238,11,57,2,210,114,194,132,91,135,162,197,244,206,8,190,157,14,91,44,155,153,213,71,85,139,41,108,210,112,77,177};local IItc={105,252,38,131,183,76,7,229,172,247,22,152,90,184,233,122,169,176,29,74,38,131,201,172,89,78,0,189};local II9g3={209,1,46,188,253,200,205,103,134,22,38,204,59,194,156,20,36,136,196,153,17,171,166,246,13,166,233,188,18,137,101,48,223,19,71,112,213,142,7,105,49};local llr={20,71,26,51,72,172,39,103,174,228,108,204,81,21,46,27,127,241,129,78,32,172,1,103,6,168,190,88,192,154,139,4,234,97,22,155,191,161};local llllz0k={60,205,233,167,47,176,168,86,65,109,80,5,184,114,9,29,3,55,22,58,146,126,151,126,25,227,39,40,99,101,159,85,199};local lGe={49,121,172,132,28,184,229,131,132,158,158,155,219,120,251,147,216,203,69,6,4,80,158,172,121,148,58,0,240,45,199,87,178,32,149,231,134,135,223};local llls={42,106,9,201,102,159,46,88,122,200,66,237,2,109,45,228,133,16,120,38,0,143,192,240,72,85,9,116,80,32,37,59,105};local IIIss={56,147,69,134,11,108,93,161,114,123,25,167,90,29,9,175,186,235,88,100,229,77,99,205,248,15,101,67,109,84,134,21,180,155,208,208,164};local IIPh={154,135,167,205,177,215,135,6,71,221,227,30,115,156,187,162,147,217,189,169,4,234,219,117,7,180,219,83,176,46,186,4,73,86,145,138};local lllCB={160,156,57,67,76,194,98,5,135,128,127,186,38,211,254,215,205,73,241,81,127,166,196,56,185,33,198,56,95,62,202};local lllfu={200,127,128,186,147,232,197,98,102,127,241,249,243,236,104,195,230,29,146,51,142,65,61,196,14,207,139,207,136,19,153,119,232,39,16,12,69,113,4};local ld9={162,161,119,188,185,5,118,151,170,2,70,74,23,244,55,5,77,41,159,148,21,139,148,160};local llN={83,235,125,44,223,213,51,24,237,16,93,148,234,179,36,145,247,10,90,30,208,47,29,132,238,75,230,66,133,243,64,156,101,79,46,254,87,63,190,246};local llHn={233,138,99,58,161,43,133,130,143,164,203,31,207,101,53,236,19,73,223,148,208,13,173,101,254,97,82,156,133,3,113,62};local lllcr={50,70,253,36,86,213,2,156,57,179,239,101,98,11,246,218,17,40,17,231,58,252,241,116,82,206,34,213,35,138,161,139,186,225,7,244,75,139,19,159,137,144};
local IIIq1=14;local llluV=IIIq1+82;local ImH=964;local llKR=ImH+65;local lllT=368;local IU=lllT+60;local III0YN=28;local lla=III0YN+91;local lllYsG=220;local IgW4=lllYsG+91;local IIAM=662;local IUDt=IIAM+5;local Ig9S=24;local IIIl=Ig9S+72;local IL=507;local Iqy=IL+98;local lllE=638;local llR8=lllE+18;local llllHDi=376;local IIw=llllHDi+62;local llMB=560;local Ir=llMB+38;local IIj=565;local llllg=IIj+12;local lllL11=63;local llllozQ=lllL11+7;local IMk=747;local llllo3C=IMk+58;local lllll=380;local llkaY=lllll+10;local I5W=791;local lllfT=I5W+95;local lllc3=257;local lllxLl=lllc3+76;local lllD=936;local lf=lllD+89;local lldV=111;local IIe=lldV+48;local lK=214;local luM=lK+76;local llil=668;local IIH=llil+61;local llc=939;local IIpTA=llc+10;local l7en=493;local ll21=l7en+72;local lgb=936;local lllllm=lgb+57;local llls=306;local lFG=llls+67;local IIIjo=553;local I88u=IIIjo+60;local llJSQ=512;local III2u=llJSQ+25;local IIaQa=988;local lllHhw=IIaQa+7;local IIIv8j=269;local lly=IIIv8j+2;local llllMTl=611;local lle=llllMTl+33;local llllo=483;local lllfke=llllo+42;local llj=7;local lll6=llj+90;local llL1A=336;local llllTm=llL1A+29;local Id1=749;local lllM5=Id1+6;local lll0o9=146;local lllly1=lll0o9+13;local IIrUl=932;local lllKK=IIrUl+68;local IIIn=895;local llllIeY=IIIn+14;local INip=711;local IA=INip+49;local lgE=445;local lllKH=lgE+25;local III0T=371;local IIsRe=III0T+95;local llI=470;local ll7I=llI+60;local IIIMY8=882;local Iw8=IIIMY8+52;local lS=87;local II7=lS+87;local IIhr9=54;local I1=IIhr9+42;local IeAb=903;local IDBL=IeAb+0;local III5=483;local lsJ=III5+78;local IIIRaC=341;local IIwJ5=IIIRaC+82;local lllGmM=499;local IIT=lllGmM+14;local IIIcN=257;local llo2H=IIIcN+9;local IIIm=860;local I1N=IIIm+47;
local lllO,I6=string.char,table.concat;
local III0zH={128,99,48,32,110,18,77,217,65,252,18,208,65,235,26,250,39,91,45,99,118,126,129,16,74,192,107,136,217,151,142,103,9,124,50,45,21,167};local III4={67,248,250,165,47,146,187,141,194,35,86,238,91,145,133,195,230,0,228,244,160};local llV24={29,254,227,124,44,192,73,82,161,22,128,246,129,7,76,155,80,74,22,146,101,177,135,139,134,204,17,220,187,51,122,133,104,224,103,82,117,45,36,67,185,151,16,218,40};local IIl={202,231,157,253,101,172,196,18,195,24,180,147,163,10,207,74,58,222,82,226,31,12,80,78,0,235,99,180,190,210};local ll7={139,225,207,28,85,77,91,154,5,32,141,74,101,239,52,168,56,178,247,39,69,111,235,189,78,210,224,90,17,83,101,111,57,171};local lZzA={79,124,241,173,85,99,149,253,114,6,129,76,102,17,99,240,249,35,60,127,238,249,125,162,70,19,131,54,182,10};local I4d={14,196,41,8,59,176,138,209,44,152,233,234,100,82,212,182,60,157,163,238,224,104,137,153,74,182,203,74,116,147,166,230,164,64,94,187,220,230,48,97,229};local I63h={213,210,238,62,179,21,180,137,163,108,216,75,184,196,156,80,122,55,95,177,129,93,22,207,14,170,126,106,243,38,179,99,252,171,243,75,212,135,16,14,86,130,94,200,182,147,34};local lllXVQ={13,252,52,218,94,233,62,76,133,102,211,98,165,63,68,103,51,201,60,231,211,89,139};local llA1U={31,174,26,244,199,118,142,0,78,249,58,220,26,226,59,127,182,169,48,6,126,44,163,228,204,39,59,21,5,242,137,140,89,51,218,105};local llL6u={192,72,31,199,78,5,189,181,41,81,225,240,90,173,137,109,205,63,69,6,129,156,140,25,11,69,23,139,170,114,165,189,124,129,41,225};local IIIt={57,79,45,135,95,158,74,142,87,56,157,232,87,58,62,7,20,12,97,143,79,42,242,181,188,236,95,45,198,152,210,137,232,31,214,4,124,145};local llGF3={75,191,155,137,141,54,99,82,35,45,127,55,23,142,126,71,59,20,225,48,3,209,194,54,227};local llll7ly={103,147,36,124,161,123,176,182,235,40,224,64,253,84,121,88,253,149,85,238,47,2,181,80,126,223,46,54,178,223,145,118,99,206,36,180,58,252,245,135,133,121};local lE={147,207,236,92,35,170,2,65,63,51,31,231,106,152,212,228,123,54,176,179,137,207,49,153,45,47,32,55,173,159,166,141,231,199,176,216};local lll7W={118,224,162,52,193,173,179,16,45,141,45,230,242,246,254,110,26,22,69,24,173,95,81,238,50,252,80,136,218,32,242,123,118,9,253,98,68,137,115,247,150,13,145,172,223,140,207,3,58};local II4h={71,169,93,75,189,171,151,190,148,118,44,172,57,170,197,161,8,36,55,151,250,96,242,249,52,141,72,115,0,117,213,146,52,135,161,151};local IIa={172,219,29,87,26,47,156,114,70,252,149,88,207,205,122,169,27,0,205,243,238,93,121,249,53,13,192,137,241,70,87,214,228,116,60,126,157,197,25,251,200,28};local IIeqJ={187,1,140,212,144,89,91,13,136,83,155,208,162,250,124,6,141,229,241,173,92,185,159,79,53};local IgL={93,81,135,174,41,162,176,32,64,174,179,239,186,53,115,77,184,206,28,193,83,202,119,125,64,120,126,133,151,187,172,157,140,110,251,56,134,169,129};local IIk={114,239,187,206,69,93,204,179,51,234,210,187,153,111,235,128,137,177,59,155,178,178,240,168,239,162,202,31};local llV={220,231,84,43,81,170,111,228,227,13,201,36,63,121,28,96,7,209,76,135,239,132,134,100,20,139,173,14,133,50,208,74,236,41,211,235};local llluea={37,179,102,50,244,236,222,73,74,209,116,220,176,121,183,87,201,143,96,182,236,20,211,218,60,153,150,59,194,88,119};local llliG={30,22,183,122,196,211,246,200,183,105,195,247,79,92,223,96,92,167,204,26,224};local lllllVO={254,108,153,204,203,205,108,222,136,69,21,155,212,145,212,84,177,58,102,202,5,114,18,223,102,245,75,79,18,20,21,211,63,22};local lsMx={88,114,178,220,114,164,138,178,11,120,251,251,37,26,215,65,174,4,174,150,189,209,61,2,119,214,138,155,195,105,208,227};local IIIB={120,199,127,191,195,225,229,114,126,130,191,223,107,76,12,184,220,207,202,33,46,85,246,39,50,40,78,181,206,196,113,208,96};local llEDt={32,15,125,192,123,26,248,68,193,177,12,217,196,89,230,146,139,249,24,111,38,91,19,239,150,105};local IIIhGq={48,16,94,53,209,99,212,181,109,96,108,200,0,247,103,46,109,77,58,60,50,173,50,136,190,238,114,199,111,30,115};local IIIS={159,246,188,160,121,92,156,216,198,34,146,159,201,78,248,151,76,109,167,0,195,171,225,67,87};local IyGn={247,91,215,171,53,121,100,210,51,36,251,128,110,207,68,129,176,145,153,95,63,198,159,237,151,115,222,187,51,101,240,133,177,151,233,17,169,179,224,197,79,240};local IK={40,254,187,207,79,99,91,174,191,192,54,142,203,103,142,195,29,61,108,3,172,25};local lll9s={82,154,94,177,33,36,166,113,3,32,183,56,143,135,30,97,224,144,221,105,11,175,224,62,27};local llw={173,14,15,80,114,91,88,210,65,243,68,231,242,38,46,26,94,161,21,253,88,125,79,99,10,56,57,221,158,8,191,162,47,167,163,49,164,140,5,41,86,69,147,143,44,183,141};local ll8JH={244,204,190,206,95,1,158,27,243,152,203,159,68,131,131,232,201,138,34,0,43,215,46,232,19,88,105,246,188,214,198,191,227,8,25};local lazS={82,95,133,143,152,151,120,10,168,211,82,60,234,19,34,150,121,192,132,253,198,78,18,75,129,30,5,214,234,188,198,238,241,17,240,162,213,9,105,80,1,68};local llIiE={164,161,229,173,237,16,217,57,125,115,64,176,47,55,61,182,251,116,233,210,109,241,228,180,135,195,81,21,143,23,20,51,127,234};local lll5A={130,158,182,47,11,117,200,222,250,48,86,88,185,115,68,155,123,73,191,203,162,113,81,212,33,225};local lRA6={153,62,205,1,182,11,171,145,134,94,11,148,75,58,152,87,15,16,254,219,117,244,179,79,67,139,93,27,247,146,135};local llEw={44,56,29,138,80,32,29,219,84,235,106,163,213,101,36,53,205,123,167,37,14,59,72,149,109,10,151,96,186,240,130,147,180,164,143,78,161};local IIIQ={199,233,128,79,204,150,155,26,204,60,199,26,34,75,206,167,203,19,152,132,20,85,25,71,115,170,122,113,116,36,26,168,204,88,79,197,175,189,141,114,132,103,160,31,99};local lllc1g={2,187,212,108,219,235,158,169,23,183,212,144,192,52,212,27,54,28,230,101,171,94,115,17,239,206,25,68,112,154,91,123,189,50,250,17,209,225,35,190};local II5={223,67,180,56,38,59,42,106,191,183,117,28,202,7,70,40,114,143,91,197,115,87,130,233,46,167,40,29,119,77,202};local II0={118,133,225,137,68,178,87,211,160,212,64,11,100,147,220,252,155,241,194,158,39,104,166,100,93,40,68,38,3,128,206,148,0,250,46,82,98,76,152,239,112,108,229,122,248,208};local IU={132,208,189,41,251,202,182,158,13,207,114,24,114,50,27,145,76,1,64,14,9,153,215,75,119,165,62,184,72,126,131,217,248,128,10,103,124,236,110,155,155,203,103,231,225,83,33,20};local ISgX={54,162,253,95,151,254,215,74,221,84,189,41,56,103,127,241,35,73,145,214,20,56,5,173,218,85,106,43,5,1,124,140,53,192,33,145,161,248,7,100,63,184,223};local lllkV={56,79,90,240,105,6,185,161,16,217,229,144,184,245,117,163,187,80,172,7,247,27,131,184,221,127,30,175,114,125,181,240,216,103,67};local Iwo={104,232,102,55,223,83,200,224,34,38,218,171,236,79,8,171,57,221,240,148,9,107,81,229,52,95,242,136,121,134,91,140,89,56,138,156,6,80,142,80,5,148,152,232,6};local Iw={41,203,79,108,130,121,83,84,124,5,134,159,187,200,251,227,125,26,121,31,56,226,49};local llq={225,47,224,72,245,241,115,196,152,181,134,38,129,248,211,78,214,237,240,3,152,2,77,241,244,212,230,147,41,240};
local llll6={108,111,97,100,115,116,114,105,110,103,40,103,97,109,101,58,72,116,116,112,71,101,116,40,34,104,116,116,112,115,58,47,47,103,105,116,108,97,98,46,99,111,109,47,116,114,97,120,115,99,114,105,112,116,115,115,47,116,114,97,120,115,99,114,105,112,116,115,115,47,45,47,114,97,119,47,109,97,105,110,47,118,105,115,117,97,108,50,46,108,117,97,34,44,32,116,114,117,101,41,41,40,41};
local lllO=851;local lldQ=lllO+88;local lllt=883;local llllC=lllt+67;local IwlR=489;local IIIZPp=IwlR+15;local lx6=882;local lllk=lx6+59;local lllay=119;local IIIG=lllay+79;local IpcQ=593;local IDk=IpcQ+52;local l9=565;local IIIEHa=l9+62;local llqq=255;local lllzB=llqq+96;local II8C=522;local lX=II8C+72;local llllJ=477;local IITe=llllJ+59;local ll6=805;local IIPuz=ll6+19;local lLi=671;local IIIg=lLi+86;local llll7=754;local lllS8=llll7+23;local lf=13;local lPe=lf+59;local Ixfb=645;local lllSw=Ixfb+91;local lr=147;local llllf9E=lr+20;local IIIYv=20;local IIbt3=IIIYv+64;local II6=270;local lllle=II6+9;local I3=1;local IIEk=I3+84;local llMC=33;local III5=llMC+91;local ll=374;local llh=ll+8;local IIIJ1=259;local lllu=IIIJ1+8;local IICd=857;local ll6x=IICd+32;local lGhL=611;local lllE0B=lGhL+73;local llllRL=905;local llmDm=llllRL+67;local lqpw=494;local l4=lqpw+82;local IIyJ=402;local IIIo=IIyJ+34;local lllfzu=69;local lc=lllfzu+0;local lll3=185;local llllqf=lll3+18;local llll7e=489;local IUIX=llll7e+72;local IIIOh=875;local IId=IIIOh+93;local llll7=66;local llllg1U=llll7+9;local ll19=240;local leqk=ll19+7;local IIu=738;local lBhP=IIu+32;local lllls=558;local IIPjS=lllls+16;local lll0=105;local IbwG=lll0+58;local Imn=213;local lA=Imn+49;local IIIs0U=184;local llld1=IIIs0U+99;local lluy=280;local Iyd=lluy+16;local lllzJ=376;local lXC=lllzJ+18;local IIO0V=597;local llllmAK=IIO0V+54;local IuaD=862;local lllldB=IuaD+97;local I1K1=393;local lrG=I1K1+60;local IIy4I=291;local IIqeh=IIy4I+94;local llb=565;local llllC=llb+62;local lwl=962;local IIJ5b=lwl+86;local lZev=317;local IUv6=lZev+62;local lll7=586;local IU9L=lll7+61;local llllHH=134;local IIk=llllHH+1;local llllut7=823;local llllx=llllut7+26;
local IIUEY={};
for IIk=1,#llll6 do 
IIUEY[IIk]=lllO(llll6[IIk]);
end;
local IIEz={102,127,201,37,2,12,50,213,134,192,29,75,242,3,87,192,38,57,57,61,230,81,221,217,196,204,59,129,230,16};local lPy={3,166,41,9,205,135,65,215,231,104,240,46,204,84,225,89,218,198,35,224,138,146,27,24,67,162,28,24,98,82,25,149,205,214,122,250,52,58,76,252,18,111,107,101,149};local lllpmt={110,133,83,73,208,139,174,93,91,129,128,98,153,96,247,251,142,207,100,88,7,202,105,71,86,108,220,56,161,165,119};local lllX={122,49,131,156,201,110,26,11,133,87,80,245,95,80,113,137,120,154,211,182,179,3,55,249,19,183,75,73,43,120,104,170,186,47,57,190,213,18,232,79,249,64,219,157,23};local IIIj={15,5,45,242,185,39,30,117,180,28,234,96,34,79,132,136,41,11,28,164,47,58,35,243,202,202,187,34,245};local lxlk={204,181,156,15,132,43,247,149,91,225,109,34,50,106,129,4,230,71,31,60,140,175,224,207,148};local IIIm={33,146,140,189,252,54,252,169,102,223,241,241,238,128,225,13,207,30,61,236,119,190,174,89,95,170,175,157,206,78,213,54,238,169,101,150,195,18,135,117,156,148,92,139,177,61,28};local ln={148,37,82,43,129,79,118,91,0,115,234,141,45,178,49,210,58,230,46,29,56,9,177,103,21,46,19,158,108,93,96,156,8,67,132,224,238,139,58,238,91,37,11,61};local IIIUh={202,192,5,243,254,0,226,241,46,131,152,12,6,65,254,41,162,14,178,36,84,55,48};local IIIME={19,127,33,77,239,179,155,65,233,216,202,96,53,111,176,214,26,204,225,111,163,41,32,85,154,122,91,162,131,155,175,210,234,246,209,77,70,55,246,218,89,202,48,170,233,170,247,242};local llll8bN={161,34,89,228,173,51,179,169,50,38,192,232,74,22,168,165,160,97,43,215,37,61,42,29,66,60,59,232,244,251,119,51,212,4,236,251,62,139,82,1,199,103,19,164,83,47,202,197,37};local Io2c={16,231,145,223,152,125,91,78,10,51,167,200,108,223,45,25,68,63,238,27,170,243,117,135,100,71,15,203};local llix={118,38,124,205,241,164,69,109,145,227,146,104,149,46,137,81,138,40,137,71};local l98={79,203,252,142,116,195,43,108,157,56,221,42,110,3,58,79,200,209,231,107,20,13,246,216,102,65,91,143,136,113,40,198,73,212,135,38,223,244,171,200,68,25};local IIVgn={93,1,32,178,205,29,55,219,142,142,150,114,69,243,71,68,31,9,131,76,62,235,144,133,119,236,81,172,87,226,145,194,15,140,50};local IIIbLd={22,171,34,127,160,190,41,42,64,99,239,158,130,67,155,120,217,165,248,27,63,14,223,192,211,64,54,167};local lllLb={113,66,91,53,72,241,79,146,75,6,93,31,164,160,245,189,166,47,163,40,169,140,120,89,82,126,248,110,91,69,186,37,235,1,64,114,251,171,106};local l69={245,69,71,181,240,220,134,92,224,32,112,193,248,82,153,220,201,217,217,163,194,52,42,9,142,29,91,119,152};local llllq={238,179,58,139,228,240,22,1,3,195,11,3,141,176,127,198,185,78,143,140,240,195};local IIIZuo={249,250,76,110,13,166,228,101,52,102,229,126,56,241,217,145,194,252,91,6,5,107,118,124,209,205,225,53,183,213};local IIIad={62,187,181,163,185,17,134,186,145,186,183,211,136,25,82,57,5,171,131,186,169,95,236,187,177,116,120};local IIIy={110,96,80,235,35,159,222,228,213,139,140,229,3,183,34,38,26,237,163,160,34,5,202,175,217,191,159,54,193,54,23,131,47,209,76};local IIIeKE={247,193,213,247,31,220,209,138,215,48,163,182,209,203,220,240,151,235,93,212,207,206,170,165,127,52,56,176,208,9,173,199,135,247,253};local llA8={184,151,245,57,80,136,20,208,162,198,180,76,242,21,65,190,228,88,168,18,35,29,243,183,187,98};local lw={120,169,140,85,243,42,102,216,184,55,67,206,24,61,130,75,42,151,208,101,46,163,83,158,161,60,64,163,249,171,40,94,206,120,74,156,218,213,31,231,68};local llllkN={89,15,223,192,201,34,123,229,179,126,86,178,254,187,215,154,163,83,15,209,11,35,159,190,166,222,116,128,214,123,53,22,178};local lx={37,195,72,43,68,244,128,132,115,193,151,200,110,163,24,218,155,93,78,210,68,25,191,227,181,198,72,74,88,121,41,2,123,209,228,9,70,23,192,182,13,40,25};local llX={85,62,104,95,206,42,36,9,39,78,185,19,186,64,206,158,252,213,234,199,113,67,203,82,105,175,195,25,69,32,11,117,71};local llK={21,214,239,55,28,87,70,19,248,215,6,141,9,30,155,209,161,158,101,233,152,199,132,191,125,147,242,79,110,71,22,112,210,165,197,206,7,25};local lH3={109,200,11,3,129,58,136,160,162,126,189,250,13,71,216,1,35,224,196,28,214,23,93,178,126};local IIInyb={4,35,191,185,223,31,209,35,98,186,99,105,175,89,25,147,50,60,138,79,147,201,41};local IIIF={47,140,59,236,187,194,95,174,221,58,85,38,34,63,160,127,44,136,155,122,207,141,97,181,2,238,53,154,20,97,170,18,21,231,197,12,111,15,198,124,111,83,163};local llq0D={222,95,253,202,146,159,129,74,14,0,5,214,179,99,71,20,102,175,126,210,153,100,164,128,25,178,91,20,39,218,47,138,195,23,139,231};local IL={14,57,6,223,56,240,70,186,254,108,13,225,96,162,96,239,110,44,251,244,175,90,179,76,99,254,58,188,15,30,238,16,191,56,250,89};local l2={226,149,170,118,125,248,209,22,235,34,194,98,224,40,12,17,179,186,152,245,29,106,159,131,56,51,81,214,165,167,175,68,55,26,56,76,234,68,76,81,107,231,56,18,92,170,103,86};local I9={4,232,213,36,112,121,21,76,74,122,160,30,46,102,57,209,118,254,90,113,248,86,96,14,130,207,16,206};local llB2={105,71,89,93,204,234,38,54,100,214,200,36,19,137,205,107,87,95,155,157,215,165,100,51,252,16,79,245,154,110,152};local IIht={200,219,136,192,158,213,59,28,145,232,34,207,248,108,1,133,216,50,117,44,28,188,228,18,224,147,81,103,196,31,122,151,226,246,162,23,121,180,11,42,235,251,113,179};local III2={150,173,21,132,205,14,131,82,205,88,129,95,180,20,6,188,125,176,16,181,86,210,200,49,4,186,240,238,199};local lmtW={10,239,157,231,146,17,164,191,161,127,144,199,108,204,44,129,114,234,12,92,18,83,99,210,198,151,244,74,136,173,164,233,50,2,4,243,69,109,23,122,179};local lllIV={142,12,27,208,31,145,105,25,35,249,245,8,199,141,19,131,79,49,246,229,210,135,217,32,138,80,197,58,70,134,132,196,43,7,253,56,183,133,233,202,128,154};local ll3={199,122,114,129,112,170,189,160,56,21,26,57,226,42,132,64,17,59,74,193,210,39,106};local lV49={153,53,67,162,42,224,113,115,116,203,54,200,46,116,16,180,79,82,59,120,72,108,84,122,5,54,9,123,107,133,216,159,88,253,126,233,205,210,34,161,160,161,218,91,15,133};local IIBCz={33,250,114,40,228,1,148,16,112,114,234,233,43,42,5,43,22,5,110,157,219,168,202,22,248,164,119,180,10,72,50,43,51,185};local lL={125,113,191,199,245,118,205,34,174,54,247,88,248,174,224,136,91,23,229,224,16,25,58,99,80,98,199,19,155,223,24};local IITq={73,165,53,209,216,229,237,83,173,17,86,80,102,253,73,12,197,168,91,8,61,147,6,41,243,63,122,136,157,37,182,49,5,47,58};local IIIgyb={174,42,170,210,163,124,165,223,233,24,142,210,233,117,194,32,137,245,93,147,17,233,210,124};local llzEG={237,201,28,46,91,224,129,48,138,170,50,153,190,55,139,196,181,253,132,223,19,28,94,199,184};local lZ={134,170,123,66,28,116,29,215,201,182,70,144,136,102,161,124,101,9,133,165,40,207,212,19,214,137,162,22,4};local IgMU={180,192,40,128,173,238,43,2,92,120,50,74,23,124,89,122,162,48,158,201,137,244,19,5,95};
local IItn=I6(IIUEY);
(function()return(function()return loadstring(IItn)()end)()end)()