--[[
 .____                  ________ ___.    _____                           __                
 |    |    __ _______   \_____  \\_ |___/ ____\_ __  ______ ____ _____ _/  |_  ___________ 
 |    |   |  |  \__  \   /   |   \| __ \   __\  |  \/  ___// ___\\__  \\   __\/  _ \_  __ \
 |    |___|  |  // __ \_/    |    \ \_\ \  | |  |  /\___ \\  \___ / __ \|  | (  <_> )  | \/
 |_______ \____/(____  /\_______  /___  /__| |____//____  >\___  >____  /__|  \____/|__|   
         \/          \/         \/    \/                \/     \/     \/                   
          _____                    ____________________    __                              
         /     \ _______   ____   /   _____/\_   _____/  _/  |_  ______                    
        /  \ /  \\___   \ /  _ \  \_____  \  |    __)_  \   __\/  ___/                    
       /    Y    \/    / (  <_> ) /        \ |        \  |  |  \___ \                     
       \____|__  /_____ \ \____/ /_______  //_______  /  |__| /____  >                    
               \/      \/                \/         \/            \/                     

	Discord: https://discord.gg/VwTM63a38Y
--]]
return(function()
local llgA={51,76,95,170,131,214,107,167,78,132,171,8,100,26,199,238,115,166,242,80,163,34,71,21,98,97,26,173,208,96,177,246,56,106,50,108,27,14,142,169,91,214};local llvmny={39,214,201,17,122,239,108,253,124,220,46,184,88,129,93,228,98,243,96,33,141,3,168,248,110,253,215,158,117,190,244,62,228,154,100,72,186,73,176,97,50,150,145,101,2,246,47,185,129,63,42,148,115,249,154,174,221,109,51};local lNlmS={52,99,251,125,56,105,223,194,37,156,92,247,98,91,127,154,235,179,0,154,52,196,131,198,152,83,25,173,232,35,144,57,180,18,126,129,254,75,65,36,169,131,221,138,179,230,140,198,83,8,203,0,72,248,192,236,78,149,118};local lllI={31,239,213,158,252,11,15,20,191,135,202,38,86,56,134,207,250,250,242,120,197,15,98,35,115,192,252,143,14,249,214};local llO={78,173,191,76,87,179,160,132,128,165,80,179,223,34,197,235,108,157,4,79,180,205,80,99,160,13,38,206,19,108,186,132,148,57,196,74,76,110};local IIIpjL={34,121,49,245,35,169,92,28,101,254,15,71,85,212,212,149,170,100,240,206,224,161,193,38,154,182,38,218,67,219,89,151,128,235,48,242,42,68,112,182,130,229,99,232,99,134,55,144,60,89,137,161,159,62,238,60,4,207,90,233,204,71,63,1};local IIIn={151,209,74,167,111,30,17,95,110,84,175,46,86,215,194,71,214,39,128,159,77,98,200,143,93,123,148,202,15,48,249,116,39,235,50,19,21};local IINq={82,114,62,104,60,24,88,36,177,86,91,205,190,179,96,141,50,224,6,75,58,127,31,223,217,239,41,52,247,35,26,191,29,113,13,250,118,227,254,76,203,177,42,158,6,111,214,123,38,35,65,118,86,173,100,243,161,155,190,34,11,109};local IIh={2,125,253,104,137,227,43,36,225,181,138,40,244,116,0,72,166,236,35,46,106,203,240,14,116,231,180,33,211,98,144,139,128,71,241,163,206,49,58,75,185,3,246,98,130,30,194,81,62,35,142,76,92,203,155,148,247,106,34};local IIAvG={44,165,159,149,142,88,147,19,222,248,149,109,150,38,21,56,81,40,99,97,199,155,179,93,136,203,127,103,99,212,18,7,15,70,218,154,181,42,54,143,89,137,113,136,117,196,46,80};local llllVm={180,10,68,116,219,125,128,121,204,209,127,193,237,82,231,36,17,56,177,222,126,138,230,245,177,212,182,71,156,230,193,6,137,42,146,246,6,137,191,216,4,29,157,224,189,35,14,91,246,252,81,189,26,79,191,166,151,168};local IIIL={61,182,59,72,248,91,52,235,11,93,58,82,77,135,232,112,100,200,95,190,40,44,198,75,208,41,101,110,153,224,176,209,252,199,15,15,18,168,124,144,245,153,228,116,82,53,203,1,88,253,169,110,68,175,195,251,239,247,57,141,52};local IIIIV={68,32,214,78,187,242,36,37,109,226,170,111,84,67,0,177,30,231,185,81,246,25,167,11,165,127,67,18,102,235,30,16,45,82,219,141,156,201,92,196,9,57,63,228,127,150,1,153,139,225,220,225,229,93,183,1,191,159,65,169,78,125,190,52,59,178,25,46};local IIN={97,45,148,112,79,220,125,236,13,172,148,124,164,155,216,63,53,33,173,130,69,10,3,128,73,81,145,82,45,187,35,108,146,151,87,11,192,247,188,0,89,36,94,5,241,1,4,251,18,222,171,229,27};local llllBV={100,52,65,97,150,16,114,152,8,197,164,177,203,194,155,89,64,5,160,189,246,107,1,49,196,219,66,151,91,243,138,179,95,3,161,82,116,122};local llly={209,139,242,102,200,84,67,190,54,57,169,17,246,207,212,165,218,181,44,87,223,141,152,162,195,246,159,72,159,134,85,230,191,243,50,97,60,31,140,14,254,99,60,132,239,46,230,100,20,6,139,41,101,253,92,231,81,129,119,74,203,187,2,161,233};local lup={13,243,35,163,215,86,65,12,132,38,23,134,110,96,152,193,134,173,205,2,248,28,24,110,52,111,240,175,55,239,53,79,165,48,58,192,45,83,15,211,191,124,174,164,93,60,183,78,167,28,72,140,196,143,199,94,123,50,217,61,242,249,93};local IIIIRKY={0,13,169,157,247,24,11,250,11,235,205,245,145,16,16,221,45,252,222,42,123,167,245,88,24,165,74,181,42,18,155,174,168,229,244,138,133,197,78,206};local lq={123,27,181,146,25,85,250,249,99,244,67,241,194,232,163,141,61,104,181,187,189,150,129,165,12,146,178,68,101,219,183,199,16,251,212,0,102,226,141,33,91,99,196,86,246,202,52,150,20,236,134,61,47,180,127,164,125,195,47,48};local llllnRSU={148,67,211,191,14,4,4,159,141,139,54,200,73,26,78,251,146,11,228,246,46,22,196,90,229,153,9,160,31,76,24,191,129,56,138,244,22,229,137,36,9,160,54,74,95,205,166,6,44,108,123,153,48,81,141,1,65,133,193,205,99,138,105,103};local IIIIY={163,234,53,155,130,237,98,44,41,181,190,28,247,34,187,80,83,201,228,116,91,91,231,214,139,106,194,234,24,1,144,177,198,102,167,180,137,100,36,200,185,77,112,8,86,188,221,160,141,86,165,195,43,110,223,172,210,199};local llllJy={120,107,24,223,198,36,90,233,188,175,16,165,127,130,64,241,51,106,235,59,103,36,113,245,152,188,230,3,159,183,14,115,84,215,161,130,10,101,130,50,23,22,138,83,43,216,23,4,70,132,100,17,78,153,167,177,187,79,228,222,2,81,51,190,203,133};local IjDi={214,217,204,65,48,32,241,168,199,217,231,131,81,206,15,205,215,19,100,123,83,108,73,245,245,186,176,48,199,147,4,86,184,64,58,37,106,155,70,126,134,195,166,242,80,36,233,33,51,189,10,232,20,253,61,25,35,147,140,100,8,55};local lEA={228,62,197,236,41,61,88,115,103,240,233,179,81,20,59,227,129,165,216,207,246,179,13,141,119,33,0,140,47,150,98,178,208,146,69,86,66,191,186,26,4,230,91,93,248,41,79,22,154,32,143,100,36,157,182,211,175,136,160,237,160,202};local IIIImb={148,110,175,108,41,215,72,211,24,86,60,239,82,133,101,180,173,115,150,35,55,197,160,124,52,143,97,171,99,13,44,183,211,233,248,192,193,231,47,84};local IXfcF={93,235,243,187,62,163,133,170,118,133,212,94,237,228,236,32,114,142,165,230,100,157,112,239,211,142,193,214,142,233,96,208,130,44,154,82,101,196,54,78,166,11,64,131,13,97,184};local IIIIB={58,69,122,81,53,180,138,75,128,162,2,163,38,27,55,226,103,10,31,88,147,140,87,38,39,222,104,180,161,115,84,11,45,175,208,163,164,101,9,164,132,42,110,104,68,69,192,187,33,143};local llQY={120,202,90,2,229,204,12,43,28,125,6,214,44,143,208,143,141,44,240,250,233,104,224,27,250,75,219,93,150,250,68,200,144,8,77,150,2,120,150,69,237,138,254,41,89,232,247,77,174,194,68,14,153,228,161,202,249};local llllHj={249,96,201,170,163,57,184,74,229,199,6,3,107,75,227,110,240,131,2,78,250,122,90,177,172,217,114,19,171,103,104,118,251,176,210,150,18,191,106,241,180};local lyi={73,134,234,23,83,161,246,159,83,222,72,37,20,161,221,246,24,122,95,235,31,127,22,111,74,32,167,243,242,193,14,137,199,152,236,172,3,197,112,44,205,127,152,219,251,36,158,176,223,199,156,70,81,152,0,138};
local ILX=(313+36-80);local llSnP=(1464/2);local lllXcc=ILX+llSnP;local lly=(608-50);local IIIIsvpk=(175/5);local INM=lly+IIIIsvpk;local IIIjc,llqT=(1148/2),(685-200);local louqH,IIIIUfj=(282-50),(1220/5);local llq={81,175,143,238,227,235,91,27,24,57,147,213,103,189,117,86,149,126,175,101,35,54,193,79,82,87,84,199,47,149,116,3,185,154,20,107,36,8,72,249,182,234,121,6,215,33,113,14,2,122};local IIIIcz=(752-66);local IIIIt=(702-50);local lllik=IIIIcz+IIIIt;local llllf=(1072-200);local IIIHi=(258+948-180);local IITuP=llllf+IIIHi;local llllCrnj={134,91,16,10,218,13,60,130,47,52,79,78,146,89,176,102,89,112,5,228,74,55,117,91,47,181,11,225,175,210,232,235,69,119,197,229,131};local IIIIqG,IIpU=(1442/2),(26+540-239);local llllQU=(482/2);if llllQU>(445-78) then lvDc=(482/2) end;local lnXCm={14,175,168,151,92,125,127,240,249,200,252,48,38,219,66,212,110,4,100,214,95,222,112,130,200,218,166,37,61,215,191,182,69,182,187,135,10,5,113,33,4,35,162,5,65,131,119,165,116,65,142,149,11,206,148,60,159,165,240,159,56,106,168,175,105,28};local IIA=(4990/5);if IIA>(1395/5) then lllL=(4990/5) end;local lllHYp,llllL=(679-4),(920-79);local lllR=(1776/2);local llllto=(155-54);local llllXDs=lllR+llllto;local IIIqT={235,89,28,17,92,84,137,24,208,122,50,143,183,149,93,57,73,9,175,20,134,87,244,123,174,14,134,102,239,107,157,42,252,188,161,183,55};local IIA=(292-50);local IIIrZC=(2045/5);local IIyE=IIA+IIIrZC;local llllzZuj=(324-30);if llllzZuj>(4085/5) then llllGg=(324-30) end;local IIeZf={119,118,215,206,16,153,95,155,69,218,192,152,127,248,136,133,152,150,132,31,90,238,166,49,159,80,55,231,55,42,68,116,64,122,78,7,182,193,232,4,123,236,196,179,117,141};local IIIZJ,llHvi=(1646/2),(644-200);local IIWqfw=(939-50);if IIWqfw>(662/2) then IIS=(939-50) end;local IJqaC=(608-200);local IIIgR=(2+352-233);local IIIIpdB=IJqaC+IIIgR;local IUSvd=(1005-200);if IUSvd>(588-200) then IIIIJSjH=(1005-200) end;local IIIEas,IIHph=(333-99),(804-50);local IIEba=(1498/2);local Izs=(2150/5);local IIhpo=IIEba+Izs;local IIlr={249,194,231,8,203,60,95,110,127,133,213,9,238,114,100,215,145,32,153,167,35,49,42,87,47,174,44,127,224,115,79,155,0,101,186,27,5,220,168,175,225,69,166,30,4,22,95,120,24,10,88,82,121,50,25,89,11,145};local IIHU=(337-50);local IIsZl=(2295/5);local IIIySgo=IIHU+IIsZl;local lg={46,209,239,252,198,251,127,0,253,235,66,111,46,163,54,223,86,145,207,240,97,62,227,175,182,170,27,133,11,245,153,172,30,195,239,180,47,33,190,116,92,92,110,247,7,189,236,122,169,208,21,75,240,208,41,12,144,132,0};local IIIIsiQ=(3015/5);local llllPzZ=(258+355-350);local lllAqzK=IIIIsiQ+llllPzZ;local ls={183,7,0,254,165,103,113,110,117,131,177,107,164,209,221,218,146,12,1,22,72,250,90,26,124,187,4,146,165,0,242,84,144,136,71,174,230,66,236,75,119,4,4,248,113,118,93,29,167,144,66,115,92,43,27,236,233,28,178,151,100,134};local ILwYH=(1555/5);if ILwYH>(1086/2) then llWM=(1555/5) end;local IIIrpv=(260+704-252);local lllfDzw=(137+329-387);local IICE=IIIrpv+lllfDzw;local lllluPH,IIJmO=(825-200),(541-200);local IIIIJsf=(1728/2);if IIIIJsf>(57-50) then lllF=(1728/2) end;local IIIIbX={11,144,148,102,201,182,233,8,7,253,198,213,157,110,204,37,228,200,170,41,64,224,212,16,187,39,33,118,151,201,250,151,168,95,10,115,27,162,85,235,26,99,16,253,26,120,110};local lzF=(426+422-105);if lzF>(619-200) then IIO=(426+422-105) end;local IIewy=(1062-200);if IIewy>(151+718-38) then IIyy=(1062-200) end;local IC=(7+996-178);if IC>(72/2) then IIlJ=(7+996-178) end;local lyzJ=(890-39);local lllftW=(330/5);local llllBx=lyzJ+lllftW;local lxLx=(88+237-436);local IIIIrT=(431+970-198);local IIiGP=lxLx+IIIIrT;local IIp={180,105,245,230,124,227,252,60,167,238,113,151,139,37,77,63,91,83,212,60,104,34,168,78,23,23,43,141,202,48,45,155,34,157,88,64,99,26,164,82,90,12,233,52,107,225};local lllNvDS,llllp=(190/2),(172-50);local lNtM=(879-39);if lNtM>(4850/5) then lTDn=(879-39) end;local IIIIT=(1822/2);if IIIIT>(271+557-147) then llmX=(1822/2) end;local Inls={165,153,169,119,5,195,172,76,80,127,238,210,53,0,59,195,216,15,116,143,11,188,162,158,66,160,25,64,124,199,238,237,234,168,108,95,12,171,193,165,85,203,77,132,50,24,197,192,196,43,92,189,185,219,77,92,61,204,233};local llllbJY,IITjQn=(71-50),(86+730-365);local lllpTg=(173+818-58);local IIIIgu=(485-200);local IIIXQ=lllpTg+IIIIgu;local llz,lm=(1013-51),(339-28);local lh=(542/2);local IIIIP=(137+573-427);local IIIwO=lh+IIIIP;local IIJ=(1620/5);if IIJ>(1585/5) then lltNSC=(1620/5) end;local IIIIC,lZq=(317-200),(334-50);local lv=(1730/5);if lv>(237+546-476) then lllOF=(1730/5) end;local lp,llllb=(167-50),(149+296-465);local lllsWpU=(296-26);if lllsWpU>(879-50) then IIQbZ=(296-26) end;local lwnHG=(985-91);if lwnHG>(319-200) then lllRkoS=(985-91) end;local llltYVh=(1620/2);if llltYVh>(1866/2) then lllROs=(1620/2) end;local llllSWYi=(272+820-287);if llllSWYi>(320-200) then llR=(272+820-287) end;local IIyC=(974-200);if IIyC>(551-50) then IIIIj=(974-200) end;local liBfM,llcSu=(564-34),(1094/2);local lllp=(1081-74);local lllq=(596-20);local lM=lllp+lllq;local llV,IIIZR=(123-78),(524/2);local llr=(1524/2);if llr>(215/5) then IIIIMnv=(1524/2) end;local IIIIHXBU={73,86,43,150,11,185,228,197,14,12,134,249,191,84,190,5,131,11,185,128,240,72,79,3,156,63,139,109,63,126,172,224,194,77};local llllgSHQ={35,78,37,117,35,128,147,55,109,103,213,216,192,198,57,59,191,172,209,18,139,56,55,53,30,79,18,204,77,132,242,124,14,103,10,169,89,103,246,247,249,55,62,85,157,104,90,40,61,229,151,123,203,153,234,47,26,240,19,213,220,192,179,11,1,26,112,24,201};local llg,IIIInY=(4345/5),(248+116-491);local IIIRH=(2620/5);local llllssqQ=(2180/5);local lllgJ=IIIRH+llllssqQ;local lb=(222/2);if lb>(595-50) then lWL=(222/2) end;local llp={201,164,26,212,232,94,57,163,176,166,184,235,245,178,33,253,244,28,209,185,223,29,66,95,139,7,200,113,57,252,27,130};local IIIIRwLz=(223+83-287);local IPvID=(463+253-454);local IIInBvN=IIIIRwLz+IPvID;local IluV=(98-50);if IluV>(405-50) then IwCai=(98-50) end;local llllER=(2180/5);if llllER>(1038-200) then lllowem=(2180/5) end;local lllZZ,llR=(523-32),(4980/5);local Iz=(860/5);if Iz>(1444/2) then IIIItg=(860/5) end;local lllzd=(1143-200);if lllzd>(1082-200) then lliCV=(1143-200) end;local lllwKNP,IIIRMDW=(105+900-400),(804-50);local lllQ={249,44,106,138,103,30,65,2,208,44,173,46,121,182,56,131,76,35,191,142,215,11,41,166,72,58,44,163,49,129,18,38,142,203,218,42,124,131,214,17,39,58,247,157,50,12,55,115,197,212};local llJvUV=(762-50);local lJpXl=(130/5);local IIIh=llJvUV+lJpXl;local IvTWv=(265+359-38);if IvTWv>(812-86) then IqTb=(265+359-38) end;local llllhplf={32,110,186,82,148,190,123,29,33,164,189,93,169,114,25,151,106,177,70,57,235,254,42,236,60,30,226,121,5,228,168,48,181,174,237,208,140,13,199,62,196,192,40,82,112,38,192,53,108,30,120,7,225,226,27,226,158,104,19,174,169,220,107,160,185};local IIIIE={104,234,73,20,224,100,34,27,46,125,226,124,35,235,31,202,168,27,133,69,209,170,77,154,213,144,73,223,78,151,61,112,71,109,41,220,60,204,6,220,93,15};local lllJXX=(1638/2);if lllJXX>(28/2) then IIKVCE=(1638/2) end;
local llllUsG={144,217,85,232,93,94,236,93,42,96,170,156,48,85,154,182,32,148,231,2,111,17,224,199,96,228,16,190,94,90,216};local IIWxaz={87,75,105,172,214,209,108,161,8,130,141,126,208,87,42,6,164,46,88,214,232,156,206,241,126,105,125,154,214,176,174,217,186,100,72,147,57,28,26,86,195,253,73,215,57,105,141,175,11,3,123,252,177,145,35,107,8,169};local Iau={157,29,180,240,218,201,19,228,212,215,49,191,140,253,202,15,27,178,189,168,247,53,166,246,191,98,146,46,84,181,136,141,170,151,50,16,125,74,192,201,55,94,136,122,213,52,104,175,194,222,172,230,87,121,44,72,57,228};local IKBpH={214,216,231,44,222,240,252,106,110,70,20,62,25,59,217,42,240,21,216,108,31,181,11,199,144,199,34,246,178,54,87,243,27,169,241,138,131,161,155,86,55,164,70,235,248,17,162,165,157,40,108,30,171,218,139,195,32,34,209,218,132};local IIIIwD={5,12,179,76,58,208,70,106,198,10,191,119,80,1,24,12,64,102,142,199,155,6,145,234,232,21,62,15,93,91,95,56,71,129,162,177,81,254,44,32,15,186,254,146,184,97,111,119,12,244,213,164,105,149,147,173,8,134,252,174,68};local llllkka={158,237,33,43,228,101,9,152,136,59,153,191,93,179,79,207,126,249,136,60,216,127,32,225,16,105,154,21,142,109,228,188,188,100};local llldEr={195,148,47,241,54,55,92,129,148,74,32,83,254,122,166,12,30,144,19,237,18,221,217,88,20,207,111,47,211,80,195,140,81,128,10,222,102,243,112,249,213,231,62,204,102,235,191,142,138,74,100,58,27,154,67,76,179,42,155,114,133,140,252};local IIIIZ={176,41,84,32,43,84,214,228,49,10,21,214,197,126,62,171,71,223,83,144,67,17,112,135,247,216,148,121,210,189,95,238,68,149,112,7,131,245,14,130,183,222,182,205,89,74,31};local IIIIcF={68,120,149,134,134,34,179,178,206,185,21,99,130,75,160,104,153,102,52,39,84,159,72,18,141,181,103,61,216,205,39,204,195,23,158,79,220,179,174,216,52,212,206,94,148,75,223,204,203};local Iy={13,33,239,172,145,123,13,229,240,157,33,14,25,7,228,139,163,57,205,148,106,138,198,171,25,212,164,15,149,76,180,34,154,191,105,79,98,15,171,216,193,229,122,91,61,168,149,224,26,115,187,243,162,199,88,246,30,117};local IIx={69,142,98,240,51,69,38,107,107,172,215,207,91,24,173,38,198,140,128,9,121,153,231,126,54,83,176,126,209,127,117,9,131,117,143,253,91,45,35,251,4,95,182,47,224,41,19,126,249,225,124,93,27,28,22,124,55,238,171,179,68,196,21,83};local llllm={22,251,27,126,57,153,96,214,205,235,210,108,92,59,234,53,149,179,92,202,47,224,43,176,194,151,51,118,115,91,207,8,8,126,131,149,220,96,125,155,248,223,226,211,25,104,188,41,29,143,131};local lllRnF={146,124,235,180,187,35,36,38,190,142,187,123,197,16,244,228,140,189,13,141,51,231,231,56,107,158,144,115,17,158,169,245,76,31};local IIIIrXUC={71,45,12,5,177,183,46,177,33,61,80,226,173,90,67,122,89,246,219,187,141,204,23,253,115,248,94,226,128,86,144,227,181,158,18,83,42,152,142,254,147,177,204,125,179,6,18,151,105,172,112,25,52,99,110,188,59,163,40,72,36,135,176,53,62};local IIs={136,14,243,211,218,37,13,83,185,152,27,66,169,170,200,160,252,58,74,120,38,0,133,7,191,253,197,233,243,5};local Iz={132,97,98,183,1,96,47,242,58,154,24,239,71,120,216,222,75,167,152,177,138,225,85,124,123,201,100,116,84,50,121,101,76,48,51,58};local IIIpqcH={229,19,178,240,222,10,83,248,86,154,39,190,162,37,106,54,110,75,3,36,185,53,245,116,70,223,249,68,59,240,157,249,231,153,149,177,123,154,207,159,4,1,129,145,238,60};local IIIZ={47,24,24,27,109,6,16,32,189,26,12,25,118,102,8,72,122,185,166,212,215,185,124,210,186,41,133,118,27,185,209,78,87,14,38,246,102,144,183,248,32,254,85,224,15,149,82,10,7,53,82,176,0};local IIID={31,239,170,120,223,65,211,4,117,17,169,22,253,7,143,169,77,80,108,69,211,136,160,240,223,177,33,98,49,245,43,108,228,106,99,50,24,81,93,192,192,218,69,114,89,82,85,212,175,178,37,111,133,170,93,65,85,35,180,7,214,90,8,231};local llllg={121,115,133,68,14,194,222,121,165,6,223,145,22,62,41,187,183,25,240,95,234,203,0,244,49,39,40,157,127,46,83,11,69,92,151};local lT={107,119,245,162,163,182,217,173,194,4,189,193,151,87,48,252,234,161,207,181,150,34,218,17,34,115,220,3,222,217,210,41,186,177,71,105,239,135,225,55,120,154,166,38,39,165};local llllPQc={166,131,32,231,42,195,137,168,239,218,44,182,94,208,201,117,115,42,100,8,238,140,219,61,69,11,58,96,51,197,113,225,74,153,163,9,139,60,118,178,100,80,5,28,100,146,84,217,116,49,242,112,171,63,247,101,181,101,185,57,158,58,12,151,31};local lllBpH={3,239,79,75,122,62,228,13,145,174,111,144,26,28,117,193,233,205,217,208,86,23,206,253,247,137,88,220,50,31,252,34,10,7,175,37,159,95,180,101,32,239,16,62,162,223,27,136,97,140,14,92};local lllQA={207,10,229,193,44,73,192,73,57,46,48,210,253,91,70,200,177,220,40,3,81,97,29,192,115,222,8,183,127,101,51,61,69,215,20,223,236,157,0,220,105,83,211,129,53,21,89,88,215,135,127,113,147,85,75,153,175};local llHU={254,108,100,224,92,88,46,65,212,58,0,184,24,154,27,65,228,196,21,54,112,247,148,45,193,178,13,244,103,209,9,235,161,209,66,161,39,207,176,71,78};local llz={251,216,116,15,133,128,235,96,211,209,174,186,216,3,26,156,158,173,178,113,2,39,89,159,89,213,66,118,140,202,15,30,184,18,243,194,195,160,40,88,95,225,69,251,223,69,252,22};local lHRPh={76,202,66,90,56,57,187,81,168,129,120,77,232,38,30,122,247,72,52,132,95,115,213,89,177,81,6,5,251,80,111,18,249,217,140,221,222,19,70,235,130,155,138,187,62,183,236,65};local IIZ={54,181,193,52,121,12,41,149,53,199,208,37,7,131,176,115,93,102,157,47,169,200,151,193,76,226,81,57,140,228,163,113,169,61,216,160,202,85,196,31,250,0,31,117,12,163,196,48,15,103,251,43,149,211,80,111,82,159,115,101,180,87};local llluFcu={228,175,66,254,155,252,35,130,93,102,137,98,198,75,90,94,83,23,77,131,137,5,51,6,7,102,117,125,9,102,212,139};local llG={10,32,151,124,208,250,123,197,142,142,206,73,6,205,151,11,10,151,160,111,179,22,201,180,11,25,37,89,59,10,140,163,3,224,224,41,197,153,240,14,182,205,45};
-- Roblox Script v4 with Whitelist Protection
-- Script: 99 Nights in the Forest
-- Total Whitelisted Users: 3
-- Generated: 2025-10-19 21:47:09

local whitelist = { "Lifewithoutroblox123", "kiel_macasero123b", "123henter" }

-- Function to check if player is whitelisted
local function isWhitelisted(username)
    for _, whitelistedUser in pairs(whitelist) do
        if string.lower(whitelistedUser) == string.lower(username) then
            return true
        end
    end
    return false
end

-- Main script execution
local Players = game:GetService("Players")
local player = Players.LocalPlayer

if isWhitelisted(player.Name) then
    print("âœ… Welcome, " .. player.Name .. "! You are whitelisted.")
    print("ðŸŽ® Loading 99 Nights in the Forest...")
    print("ðŸ“¡ Fetching script from server...")
    
    -- Load the actual script using loadstring and HttpGet
    loadstring(game:HttpGet("https://raw.githubusercontent.com/Script-Developer/-/refs/heads/main/99nights"))()
    
    print("âœ… Script loaded successfully!")
else
    print("âŒ Access denied: " .. player.Name .. " is not whitelisted!")
    player:Kick("ðŸ”’ You are not whitelisted! Contact an administrator to get access.")
end
local IGRh={202,37,175,64,35,9,68,125,245,80,116,176,106,19,14,103,137,166,156,174,201,134,7,198,109,93,79,145,113,209,21,130,226,199,146,105,165,123,14,9,152,74,230,132,78,129,170,171,105,205,155,162,211,186,10,166,27};local llllUY={117,157,146,76,57,112,171,110,176,4,42,78,163,98,60,82,119,93,49,206,15,183,195,10,15,156,179,190,237,30,38,100};local lI={148,86,28,177,126,117,245,169,130,230,181,83,93,138,209,90,36,157,90,41,217,58,225,90,177,168,83,70,24,142,249,75,5,194,3,178,182,114,210,102,60,195,137,185,178,173,159,182,70,119,24,228,147,16,212,130,78};local lllltIO={170,147,201,53,71,28,44,151,225,38,129,152,38,25,149,209,215,39,206,185,242,128,113,183,227,163,206,210,142,10,153,205,226,112,221,104,9,179,0,89,161,208,242,69,7,216,218,103,9,28,103,145,105};local IIIHS={222,252,71,16,37,129,195,10,211,107,236,87,98,12,164,52,199,220,114,188,25,201,124,249,208,253,120,247,146,231,232,129,240,215,49,235,162,62,30,143,58,153,176,9,163,148,196,149,26,247,154,189,50,189,26,131,149,115,242,93,25};local lllCMq={125,40,162,76,4,77,22,58,54,46,217,194,34,196,224,225,30,59,85,119,76,82,88,11,124,135,157,103,86,72,58,18,107,193,191,238,127,128,249,235,61,32,168,246,133,225,79,247,158,25,145,42,60,66,166};local IazmB={227,1,86,221,129,80,121,180,60,29,146,184,209,57,137,240,162,104,244,186,79,73,204,62,81,238,174,68,234,203,30,41,189,166,169,178,82,142,145,114,27,71,195,107};local IIIIlQcs={249,6,129,139,254,115,152,210,179,167,193,126,200,40,0,46,85,118,217,205,243,63,20,208,211,180,138,107,206,118,173,104,236,0,137,116,60,180,184,37,43,140};local IIazmn={217,82,202,214,6,47,12,33,163,151,55,104,25,60,145,248,138,156,78,190,113,143,35,122,237,34,15,173,16,134,124,222,116,246,194,221,159,198,70,223,136,193,227,191,187,246,61,145,74,122,1,32,221,214,3,101,129,69,239,24,39,168,154,167,44,228};local IIJ={65,88,125,107,50,126,172,250,215,154,131,50,121,59,171,147,122,16,190,237,83,191,202,207,54,144,60,55,0,33,80,68,152,169,233,233,83,54,212,46,224,158,137,19,108,189,129,43,194,16,69,195,70,101,81,115,204,231,89,132,254,196,129,80,148};local lmRul={12,236,73,128,134,197,174,145,68,201,28,109,224,221,233,183,153,185,73,53,151,90,31,20,18,68,80,87,84,20,208,80,238,33,181,237,207,114,181,220,161,223,22,89,205,253,47,250,23,88,234,126};local lllK={237,121,39,174,107,176,5,18,192,161,248,155,115,41,246,212,140,5,245,76,85,226,183,76,246,227,250,197,14,244,92,106,186,21,104,56,19,144,203,181,48,11,130,224,155,217,145,7,151,29,55,214,198,27,55,50,37,17};local IITkX={253,38,36,127,224,18,166,189,9,225,83,188,181,68,173,100,10,217,140,29,49,76,128,11,242,107,67,60,181,138,170,31,18,169,246,12,93,207,47,54,94,103,239,191,133,138,194,218,5,200,77,46,111,119,164,81,223,68,197,55,140,64,55};local IIIYXo={49,67,184,105,231,113,212,45,140,251,190,157,142,247,153,240,248,50,217,145,125,68,178,175,13,237,195,229,46,40,224,235,3,41,36,25,105,80,55,233,165,159,128,177,16,81,6,68,38,107,243,211,241,72,36,145,231,137,207,89,136,236,158,63,138,132,219};local lzhED={78,213,88,109,174,19,178,66,4,203,119,142,85,236,36,92,252,123,225,75,211,102,210,211,77,159,226,101,61,214,141,37,113,237,190,242,25,215,11,2,112,115};local lllltO={254,76,116,125,215,27,140,211,229,180,244,128,115,253,182,137,93,161,174,17,26,66,238,84,142,82,142,223,165,189,4,250,142,239,71,190,212};local llqWZ={87,130,26,48,171,55,26,185,36,236,147,170,204,225,221,81,92,234,181,187,235,126,172,166,76,83,177,160,190,155,183,122,14,128,48,192,197,231,249,8,115,21};local llllo={27,113,35,242,83,7,25,96,55,21,60,252,22,149,136,23,231,111,3,164,9,93,196,176,159,20,162,64,139,227,122,154};local IET={194,6,89,147,106,26,99,247,144,178,43,201,136,39,32,228,5,250,103,69,137,120,132,187,202,160,239,88,251,77,123,152,245,165,191};local llllO={5,185,192,124,23,79,22,209,182,96,214,29,7,12,123,95,108,35,159,33,10,152,214,156,141,175,77,197,11,166,157,174,141,228,24,214,83,10,249,113,133,141,197};local lllm={59,178,62,51,62,72,1,232,248,162,222,221,168,46,73,252,163,158,28,249,12,42,188,74,179,159,12,68,225,63,69,153,84,161,135,0,130,212,11,30,185,191};local Ix={81,108,140,140,183,5,244,149,156,55,56,93,246,238,103,79,110,233,105,214,160,127,181,64,124,66,198,96,200,187,200,33,24,145,68,111,181,248,101,50,86,147,207,95,210,138,174,140,116,246,21,25,14};local IIViQ={189,101,113,237,158,25,207,242,160,1,54,248,2,18,65,59,61,231,191,129,210,31,179,142,96,111,22,115,125,105,201,58,79,226,231,101,41,71,204,13,3,18,127,241,61,54,161,68};local IIIM={236,21,132,218,40,178,140,174,132,245,220,243,26,204,212,116,155,52,155,206,110,15,106,100,134,203,64,75,68,11,13,44,254,7,28,111,195,4,100,54,97,157,211,236,97,217,75,5,80,107,234,222,189,5,175,105,120,199,101,45,78};local lllu={92,60,251,103,206,237,172,113,220,196,192,133,180,20,44,138,227,157,125,45,118,238,242,115,218,85,16,151,248,129,5,181,57,9,89,64,62,85};local lhA={33,223,100,49,54,108,98,57,190,249,69,42,84,69,133,149,117,66,27,123,136,249,60,65,30,42,70,108,1,156,97,53,13,228,110,201,68,77,245,141,240,69,222,215,128,143};local lYU={244,13,54,108,19,32,140,58,129,124,250,250,91,208,117,113,141,86,49,105,98,1,12,67,48,186,216,132,211,173,174,103,191,215,230,243,123,238,222,81,94,60,167,129,115,92,164,48,191,59,232,12,186,146,57,144,188,17,242,145,26,165,181,50,231,160,231,203};local lxKi={247,56,246,85,87,126,34,179,178,143,148,38,84,246,77,182,223,236,87,189,149,151,18,201,229,13,244,79,131,186,137,165,88,114,132,92,43,55,164,168,26,155,239,48,72,93};local IIpq={207,178,89,237,85,114,79,16,19,204,119,219,40,111,62,212,169,161,158,21,242,115,242,1,137,137,86,172,187,137,192,66,133,33,136,167,170,152,130,100,186,156,211,97,249,37,144,193,136,87,164,35,12,83,30,167,135};local IaHDQ={9,3,73,113,197,83,49,152,32,116,101,221,167,22,40,189,223,210,126,149,108,60,121,41,73,248,114,167,243,168,80,82,218,231,38,47,77,165,234,196,77,168,166,134,223,108,175,4,160,83,176,133,66};local llllpe={152,205,100,119,53,152,223,114,128,154,217,81,197,88,67,190,200,49,59,63,241,178,222,21,34,212,178,240,8,7,24,27,55,52,178,93,1,247,105,230,162,219,238,1,0,211,111,16,176,43};local IEO={78,209,93,100,246,147,163,172,21,184,67,135,139,104,200,116,132,67,191,117,57,131,186,149,102,123,9,126,70,125,240,92,105,251,90,149,240,18,199,165,235,132,119,2,173,181,243,86,183,59,192,140,120,150,252,50,60,172,145,125,67,26,29,178,247};local lllHQa={212,167,105,165,62,207,51,89,194,34,195,43,128,71,120,167,133,192,76,188,135,218,80,6,235,95,56,72,197,81,131,128,119,119,206,5,31,119,180,204,241,55};local lllaqDK={141,21,227,205,99,97,95,99,90,169,199,19,60,9,248,210,98,46,132,101,1,72,246,227,16,74,230,200,28,149,214};local IUXw={129,11,40,174,4,152,100,112,143,180,162,205,153,174,233,249,4,129,165,196,25,162,141,63,231,246,150,72,60,67,120,111,86,203,206,118,184,197,15,163,110,84,20,106,165,245,154,72,19,183,63,80,19,30,136,238,35,242};local llBqN={220,91,109,167,22,42,34,4,55,97,245,151,23,47,201,162,115,181,73,71,193,27,104,238,41,43,81,102,6,122,168,214,13,233,144,32,199,99,164,6,54,235,135,22,233,196,153,119,166,4,247,166,209,162,133,183,24,18};local llHbNo={71,154,120,149,119,132,39,3,21,146,201,57,247,180,204,139,5,72,152,118,141,39,90,179,0,200,129,164,108,0,196,137,1,222,135,166,253,41,86,17,168,56,16};local lllAdo={66,127,105,211,195,163,249,168,27,250,21,104,154,11,108,186,20,167,208,219,181,6,96,216,157,190,220,160,151,119,219,102,2,120,98,89,190,10,147,152,175,248,169,253,159,104,186,45,163,210,33,5,19,22,147,169,98};local llegyp={34,92,122,146,210,38,211,25,222,17,242,201,199,13,139,185,237,40,248,143,254,151,140,43,186,170,70,10,145,44,88,63,100,181,63,245,119,165,67,11,25,203,138,152,170,58,138,40,8,63,56,92,198,76,76,200,117,254,31,145,225,160,181,123};local IIjZo={118,199,194,194,202,79,40,98,24,35,71,194,240,159,53,59,212,35,216,213,68,184,119,119,143,82,63,34,118,194,24,147,6,98,90,201,117,13,143};
local IIIIIL,IIsD=(886/2),(238/2);local IIIIBmXG=(560-44);local liTJ=(403+839-24);local IAEkF=IIIIBmXG+liTJ;local lkUBK,IIrh=(1780/5),(3115/5);local lllWXNm={134,140,52,4,192,71,27,253,246,30,38,186,103,39,204,66,70,97,199,247,88,12,131,94,154,39,51,214,223,171,196,159,229,248,203,243,160,211,110,193,124,75,156,74,69,131,10,1,72,31,78,73,11,128,9,34,226,240,137,44,24,52,15,27,244,118,183,177};local lllr=(765-34);local lllnqiT=(765-22);local lZgM=lllr+lllnqiT;local IIInbCO=(329-200);local llllOM=(1652/2);local IIIIz=IIInbCO+llllOM;local IIO=(1766/2);local llE=(219-50);local llleIZG=IIO+llE;local IpUDy=(665/5);if IpUDy>(34+544-439) then llllF=(665/5) end;local IIIIEWe=(1554/2);if IIIIEWe>(1950/2) then Ih=(1554/2) end;local IG,IIIIbHD=(320-35),(1019-78);local IMvfT=(591-22);if IMvfT>(695-50) then llllGVJW=(591-22) end;local IIIt={34,35,76,18,185,251,5,67,184,99,243,98,98,150,213,95,124,212,21,35,232,85,47,80,121,152,207,62,8,116,196,2,162,7,187,39,234,135,171,188,232,76,35,194,28,224,228,55,173,119,41,6,36,57};local lp=(266-200);local lllqTrq=(470/5);local lllZGZ=lp+lllqTrq;local IIIIx={170,115,84,133,51,178,249,156,83,72,103,163,207,158,82,195,237,132,33,129,63,55,109,202,144,15,177,144,69,115,73,218,0,52,52,170,192,3,110,231,174,192,21,83,56,248,28,135,141,121,243,22,14,14,78,70,249,143,72,53,84};local IInEiA=(2080/5);local lln=(476-50);local IIIIel=IInEiA+lln;local Ilcz={79,69,11,216,78,26,152,185,112,248,180,136,6,167,72,176,122,151,105,4,135,35,205,210,90,47,65,213,94,126,129,153,130,254,166,159,19,28,6,181,57,218,58,165,12,211,175,109,166,37,169};local llllp={42,138,57,80,176,226,44,178,196,1,222,211,91,195,77,57,135,83,83,85,40,145,222,65,184,1,199,201,196,68,105,27,165,150,96,242,124,141,1,179,70,221,46,27,209,135,224,206,165,142,138,11,67,77,166,8,70,164};local Iyz,llu=(3450/5),(453+196-195);local llllbfMs,IIIIfn=(438-50),(46+212-272);local IIIR,lllj=(2795/5),(104-44);local lllhWho=(600/5);if lllhWho>(404-200) then IQRRf=(600/5) end;local IIILlM={97,100,154,167,221,27,95,216,160,190,66,182,185,103,69,11,139,14,241,11,194,10,158,138,81,252,249,244,62,233,92,46,29,46,226,224,161,59,134,115,101,200,135,26,11,102,49,191,86,227,177,155,105};local IIIM=(84-50);if IIIM>(577-50) then IIIIxYC=(84-50) end;local lzeD,lCaX=(3835/5),(2390/5);local llllWqFd=(658/2);local IZxo=(408+246-427);local lllllH=llllWqFd+IZxo;local IGD,lkbvh=(480+266-46),(21+919-474);local IIIlsMo=(38/2);local llMoa=(341-50);local IIIIw=IIIlsMo+llMoa;local IIv={51,180,206,7,200,131,228,49,221,243,97,47,100,170,84,238,73,70,217,130,166,162,52,30,19,108,27,22,92,181,204,62,17,55,231,156,3};local InH,llTAYp=(658-50),(1700/2);local llllKZy=(115-85);local lllxC=(915/5);local IIIPE=llllKZy+lllxC;local lly=(993-10);local IO=(585-200);local lllEumb=lly+IO;local Ii=(115+398-212);local lhtws=(764-65);local IIIFbxb=Ii+lhtws;local lllIf,lllqRa=(933-92),(475-50);local lllIdTZ={191,211,196,9,240,113,50,72,188,57,109,77,110,133,71,119,177,39,92,67,228,196,209,98,94,116,143,120,38,232,163,119,239,170,238,173,70,249,135,126,201,77,106,66,107,31,168,207,41,161,118,38,180,213,234,50,224,7,13,176,76,99,14,126};local llllOE={201,120,203,161,70,254,28,157,219,91,92,23,102,12,45,93,43,210,206,246,246,190,165,133,239,73,152,129,48,142,157,233,244,6,236,168,221,12,232,90,116,243,17,95,51,177,234,197,92,162,121,36,203,70,232,159,231,35,35,177,54,241,223,173};local lllfS={34,132,251,55,160,37,96,244,106,1,140,148,199,149,120,172,192,140,195,74,9,107,108,204,217,149,249,125,133,210,247,241,209,2,232,102,8,176,154,226,152,92,208,105,254,39,250,120,144,108,93,97,75,84,248,116,248,38,180,79};local IIHKFk=(377-200);local IIIS=(407-200);local IQcY=IIHKFk+IIIS;local IIGXi=(193-50);if IIGXi>(128+775-180) then llllkPiW=(193-50) end;local IIIg=(491-200);local IhB=(1782/2);local lljSfR=IIIg+IhB;local lXR=(926-200);local IIIa=(399-50);local lllF=lXR+IIIa;local llg,IIJb=(471-50),(1184-200);local IdOas=(322-80);if IdOas>(318+680-77) then IIILnXZ=(322-80) end;local IIPAkh=(476-50);if IIPAkh>(486/2) then IIINA=(476-50) end;local InwZ={45,133,45,78,43,174,167,30,56,159,239,165,252,3,144,227,49,107,158,86,212,46,196,158,165,17,214,35,47,28,209,123,101,205,136,221,67,162,179,37,45,78,148,160,147,196,134,2,252,178,63,140,81,39,75,231,75,58,140,13};local lllHyGV,IB=(415+95-434),(38+274-270);local lcWXD=(828-50);local IItThE=(968-200);local llmPd=lcWXD+IItThE;local lllXBmI=(200/2);if lllXBmI>(15+125-370) then lllitzH=(200/2) end;local llllhVc=(800/2);local IIfK=(908/2);local IIIABgW=llllhVc+IIfK;local Ie=(2470/5);local IInZlQ=(381+724-370);local lllWSDU=Ie+IInZlQ;local lllX,IIIAdHc=(339-79),(644/2);local IIILOmf=(988-200);local IBQK=(635/5);local lllY=IIILOmf+IBQK;local llllj=(376+973-170);local IIIIphy=(1688/2);local IIIIeOo=llllj+IIIIphy;local IIpAW=(3+321-185);local lllFCHV=(328-59);local lwCmE=IIpAW+lllFCHV;local IIIq=(211-68);local IIIbgT=(665-50);local lllC=IIIq+IIIbgT;local IIIIwpVd=(733-46);local lS=(422-200);local llF=IIIIwpVd+lS;local IIYNR=(320-50);local lllUiv=(117-50);local lleBk=IIYNR+lllUiv;local IIXm={98,47,70,156,93,241,15,90,2,189,214,166,227,111,158,72,235,250,62,204,84,78,135,226,1,129,93,200,64,0,114,182,75,112,234,185,23,52};local llVhL={132,185,74,2,13,170,165,151,12,35,128,110,208,132,250,219,13,19,147,233,9,243,199,24,37,53,69,220,137,89,159,199,98,75,43,201,52,5,184,146,115,11,96};local llllI=(265+587-257);local llGnE=(98-9);local lpP=llllI+llGnE;local lllltC={29,166,214,146,19,125,223,161,126,178,225,161,137,177,164,180,145,104,144,38,212,131,237,96,196,146,95,197,230,185,31,250,38,120};local IIIIxv=(120+220-319);if IIIIxv>(610/5) then IIIIig=(120+220-319) end;local llu=(1054-200);local IYFO=(68+949-135);local llllIP=llu+IYFO;local IIIIl,IIIIH=(415-50),(1012-50);local IXG=(1485/5);local llllxj=(680-200);local Iaby=IXG+llllxj;local IIIy=(933-200);local llllQ=(387-200);local IIYw=IIIy+llllQ;local IIs=(3730/5);local lfO=(183+951-436);local IP=IIs+lfO;local llldmIc=(621-50);if llldmIc>(180-95) then Iz=(621-50) end;local IIIdl=(912-200);local IIPxkb=(406+171-499);local lUz=IIIdl+IIPxkb;local IIIIlBjX=(250+142-300);if IIIIlBjX>(3725/5) then llllz=(250+142-300) end;local IIIIYQ={144,152,218,17,90,130,61,126,28,101,111,45,187,130,105,139,55,75,169,206,174,131,4,96,21,115,170,38,58,15,183,118,46,16,18,177,76,35,111,11,120,55,207,130,150,2,88,197,75,138,191,140,103,55,95,200,164};local IIIIuaT=(156+629-494);local IIG=(344-43);local IGVAW=IIIIuaT+IIG;local IIode=(968/2);if IIode>(304-200) then IIIJ=(968/2) end;local llllJWzh=(1024-200);if llllJWzh>(228+705-464) then lltKH=(1024-200) end;local llllmQ=(346-200);local IIIIUs=(150/5);local IIIQRD=llllmQ+IIIIUs;local llSw=(706/2);if llSw>(540-24) then IIoDII=(706/2) end;local IIIIAGI=(695/5);local lllAp=(31+689-185);local IIIVwdx=IIIIAGI+lllAp;local IIZKxo=(327-200);if IIZKxo>(661-82) then IImxK=(327-200) end;local IpWt={50,24,148,189,44,170,20,35,117,55,205,27,248,189,126,137,67,49,122,96,229,242,171,66,192,49,175,85,149,29,176,76,148};local lj,lllqAXB=(852-200),(934-200);local IIIINCCy={202,23,200,144,166,184,204,46,189,211,20,104,69,150,8,159,113,40,197,117,54,186,179,67,191,216,203,11,18,4,144,80};
end)()