--[[
 .____                  ________ ___.    _____                           __                
 |    |    __ _______   \_____  \\_ |___/ ____\_ __  ______ ____ _____ _/  |_  ___________ 
 |    |   |  |  \__  \   /   |   \| __ \   __\  |  \/  ___// ___\\__  \\   __\/  _ \_  __ \
 |    |___|  |  // __ \_/    |    \ \_\ \  | |  |  /\___ \\  \___ / __ \|  | (  <_> )  | \/
 |_______ \____/(____  /\_______  /___  /__| |____//____  >\___  >____  /__|  \____/|__|   
         \/          \/         \/    \/                \/     \/     \/                   
          _____                    ____________________    __                              
         /     \ _______   ____   /   _____/\_   _____/  _/  |_  ______                    
        /  \ /  \\___   \ /  _ \  \_____  \  |    __)_  \   __\/  ___/                    
       /    Y    \/    / (  <_> ) /        \ |        \  |  |  \___ \                     
       \____|__  /_____ \ \____/ /_______  //_______  /  |__| /____  >                    
               \/      \/                \/         \/            \/                     

	Discord: https://discord.gg/VwTM63a38Y
]]
local lliJ={152,19,156,119,152,80,82,158,176,69,98,14,21,64,51,59,148,54,213,178,80,76,182,229,215,130,193};local IIB={187,93,31,33,49,85,195,65,87,53,52,35,34,110,205,134,119,129,202,154,82,217,146,110,173,240,198,252,103,143,10,248,231,97,94,119,76,240,17,145,188,166,223,238,134,82,253,84,72};local llllTGY={11,70,118,47,27,182,55,47,58,111,216,225,155,39,91,47,37,160,94,32,25,208,168,215,163,213,57,13,12,206,82,156,101,5,232};local lXVa={79,60,41,183,61,51,29,85,61,17,48,83,109,124,19,218,249,10,236,25,223,6,91,123,170};local lllllEg={168,82,214,39,45,113,12,190,165,252,40,136,157,37,242,126,23,135,112,238,126,39,218,231,93,85,198,130,120,152,17,183,180,79,204,163,111,43,149,131,14,186,194,86};local I0Q={108,183,38,214,136,231,119,17,142,221,82,209,238,4,90,111,1,121,223,196,193,229,230,229,132,135,162,128,53,143,148,132,118,152,83,113,25,218,246,187,173,71};local IIMA={132,230,176,253,61,176,121,244,95,118,180,253,142,107,107,122,117,21,16,27,70,126,215,213,80,75,249,147,136,246,229,167,147,80,212,84};local llllp={223,89,152,96,130,70,105,46,72,150,142,135,120,199,79,216,105,173,223,209,236,63,51,54,82,241,19,163,132,84,122,10,211,159,136,22,119,197,124,64,56,248,118,126};local l3IN={157,171,160,79,3,248,167,149,49,252,113,117,91,123,46,253,9,80,8,171,1,221,188,56,167,81,211,37,152,214,201,153,78,166,32};local llocy={224,111,201,134,124,64,25,159,115,194,3,58,157,193,231,126,164,138,208,37,119,30,250,118,117,242,154,79,68,244,221,11,86};local IIIA={224,203,107,49,170,227,31,10,114,40,101,242,85,128,28,24,49,238,95,38};local lllU={137,0,136,103,84,55,128,224,34,4,243,84,157,164,120,90,130,173,84,26,82,150,52,177,212,227};local lls={118,191,42,78,10,154,2,54,159,229,59,171,18,150,192,212,20,162,78,2,31,59,34,162,96,171,191,170,7,186,170,1,49,16,216,19,202,80,137,11,159,3,136,161,146,187,44,138};local Ii3={27,182,251,5,49,2,12,79,133,227,191,112,164,167,175,117,247,215,211,110,7};local III9={72,15,155,106,43,173,65,153,203,183,224,189,31,159,54,62,186,237,147,49,34,136,35,61,17,192,38};local IxaU={3,170,118,224,237,212,214,118,114,182,90,98,253,7,222,102,74,78,134,59,36,247,201,2,110,133,62,194,172,251,100,61,0,91,196,84,200,25,31,47};local IIROi={54,152,87,47,38,81,201,67,48,135,208,211,76,118,151,67,229,107,184,220,21,204,26,184,116,104,226,110,157,172,97,62,192,159};local IIIfq={235,171,249,48,17,229,178,61,142,105,12,91,143,58,249,200,68,232,232,181,229,224,163,25,207,162,124,43,18,144,214,22,114,149,248,223,90,105};local ljRW={74,66,116,91,223,107,109,138,30,4,56,247,207,176,206,141,100,21,121,219,254,0,22,154,71,205,71,234,158,81,152,163,220,204,29,209};local IIug={49,94,111,42,122,196,30,3,245,189,107,61,110,212,19,82,113,253,30,59,2,40,3,28,26,36};local lllpnv={98,64,95,121,205,116,69,34,92,210,142,68,185,190,119,38,197,45,112,99,233,170,68,140,171,160,64,251,102,193,188,35,31,218,187};local lF={58,219,234,100,222,157,135,49,10,126,93,96,161,197,241,14,226,163,95,59,172,92,199,114,26,82,35,85,227,184,49,13,164,96,94,159,92,102,89,190,243,213};local IW={143,159,105,34,35,200,82,67,135,245,131,217,82,83,28,107,56,6,47,198,91,210,86,54,35};local I8Zr={88,238,133,112,112,31,252,244,133,163,8,244,155,102,32,1,62,230,125,65,76,178,251,48,122,148,245,15,4,116,210,122,52,134,137,104,221,237,144,70,242,194};local IIpax={63,228,146,97,117,34,215,90,45,177,49,199,195,2,70,211,152,62,34,141,2,180,45,42,179,211,212,71,13,203,150,73,166,167,159,145,133,148,221,156,229,174,119,204,196,182};local llG5k={54,175,47,163,83,254,129,244,20,176,229,0,226,226,134,81,225,51,113,31,222,200,226,93,216,241,19,27};local llllQUF={104,68,16,26,53,83,113,38,42,154,208,46,10,71,212,96,146,222,124,166,172,116,29,169,146,232,8,96,195,81,162};local Id20={185,248,14,97,246,215,201,84,107,136,92,185,35,144,215,47,126,234,227,133,87,204,69,162,223,185,8,164,12,134,115,246,132,243,216};local lNBx={32,156,46,194,138,169,200,60,13,165,254,76,2,50,66,105,81,61,87,11,136,161,207};local llnF3={170,71,221,253,7,209,108,235,15,78,189,158,152,43,185,162,180,5,148,210,238,185};local lllL={237,147,16,137,37,134,195,50,24,245,224,162,11,0,142,254,110,34,17,152,32,166,21,159,57,124,19,60,126,109,86,173,38,52,182,134,155,232,170,239,192,33,201,42,131};local lllWfs={223,139,231,228,26,96,60,75,253,235,197,118,254,160,154,88,110,169,116,83,238,54,189,78,172,148,99,20,102};local lllly4={74,231,64,72,192,65,107,168,51,57,62,77,18,94,159,57,157,71,131,195,179,215,171,27,182,97,74};local IIIDe={198,214,130,94,7,136,205,26,232,15,250,218,123,143,98,215,204,216,135,181,134,34,185,229};local llltS={114,27,169,218,121,114,185,215,166,34,98,211,233,121,131,244,205,181,162,63,17,89,117,132,54,238,17,207,230,64,40,56,168,24,87,142,49,100,225,235,219,211,2,37,205,198};local IIb={213,170,75,225,0,205,57,71,35,68,175,181,55,15,142,23,248,181,28,118,1,108,239,71};local IIg8={252,249,186,171,83,153,32,1,193,22,120,76,140,196,78,83,102,110,233,61,0,222,69,214,148,37,163,249,199,70,117,47,69,36,211,146,3,222,178,144,24};local IE={29,214,212,129,229,79,219,201,194,156,129,31,52,204,19,134,19,156,128,191,141,120,43,185,103,23};local III7={160,29,233,17,237,220,181,81,96,4,250,46,250,179,222,118,40,111,203,113,141,103,189,168,53,94,70,106,34,122,203,23,147,24,117,243,18,21,190};local IIIOs={207,154,219,29,202,204,44,50,79,34,50,9,80,244,209,247,246,20,55,173,251,227,246,41,201,117,121};local llllKs={120,62,188,58,148,242,59,193,194,61,202,134,31,227,143,250,10,165,180,12,61,116,249,1,77,211,117,211,150};local llllAD={157,219,136,213,228,54,90,78,103,117,88,151,132,31,108,13,111,22,203,95,173,94,147,168,55,174,188};local IJ={6,221,25,203,123,7,70,149,13,220,121,24,93,251,234,130,144,207,190,28,76,171,159,248,172,44,158,231,123,204,86,33,129,250,26};local IItKS={86,134,147,80,46,251,51,71,8,26,186,30,43,253,252,232,198,143,194,215,188,53,248,121,218,60,98,194,227,182,54,84,131,144};local IPTc={2,134,176,15,107,146,25,4,19,159,224,11,43,42,105,61,57,82,37,142,195,63,131,175,81,1,218,79,243,218,139,147,148,221,54,155,77,136,70,78,116,33};local llhl={33,245,11,2,34,59,85,128,110,200,183,73,146,241,59,11,88,118,119,225,42,162,126,249,254,247,178,219,57,68,241,6,141,44,64,140,116,217,240,173,105,125,47,56};local lp={9,111,54,76,26,2,95,206,43,96,88,138,157,122,248,1,62,81,52,75,136,27,92,178,40,27,226,8,94,118};local lllly={133,173,37,72,234,120,218,171,46,163,103,43,192,119,209,88,85,237,239,163,60,132,236,70};local llll6={187,125,179,11,2,109,25,134,207,147,19,140,241,194,198,115,210,69,237,168,193,195,35,179,12,92,229};local I8n={43,38,250,214,194,199,22,228,138,244,90,27,196,95,153,118,154,49,84,88,82,22,90,119,75,134,246,13,152,42,189,135,156,183,220,62,42,172,179,18,65,25,159,116,49};local llllXa={39,219,120,16,165,14,90,219,148,220,233,53,9,117,66,104,6,76,153,84,88,245,27,57,61,223,220};local IIIi6={116,30,108,217,181,37,110,175,203,6,7,93,15,50,209,204,203,71,210,60,51,144,53,162,149,123,47,188,237,201};local III3xq={182,85,89,211,102,179,106,135,179,247,188,48,136,15,245,141,89,110,24,203,62,138,132,198,132,26,158,159,211,168,36,183,192,6,124,160,87,38,245,8,123,149,48,195,130,206,236};local lljlN={241,240,86,61,22,105,31,122,236,128,99,138,143,138,28,12,190,202,11,124,193,95,9,7,172,216,112,251,193,238,54,58,182,122,147,36,55,4,136,23,29,126,205};local lk={228,40,61,98,21,20,205,238,139,140,238,138,177,95,62,79,55,249,0,251,208,23,146,3,208,84,91,151,202,232,116,203,228,227,108,160,244,199,175,224,112,145,124,9,101,10,208};local l44={80,133,211,210,156,228,117,167,19,143,24,64,229,243,83,195,118,146,100,19,17,52,217,127,25,75,88,0,32,118,5,234,44,229,138,187,145,110,115,104,225,60};local IIIb={165,137,155,125,210,100,191,3,14,240,149,210,137,85,153,162,81,84,159,134,31,241,87,173,146,151,122};local lll49M={35,13,178,25,110,233,204,160,14,105,142,149,155,229,16,24,243,225,3,76,246,180,238,106};local I2={89,95,55,69,210,193,156,94,133,40,187,142,14,146,237,157,4,31,204,11,156,224,186,69,212,158,35,112,6,98,169,78,20,93,250,247};local llllNzE={146,48,140,182,156,190,58,128,211,144,39,45,100,111,24,234,18,138,62,127,171,197,184,224,124,237,114,68,33,28};local IQ={198,32,157,39,162,87,219,70,202,253,100,5,44,90,112,87,61,50,162,150,208,9,38,167,72,108,128,9,101,227,11,146,89,199,0,83};local lll6={176,160,48,14,214,50,142,60,129,212,219,207,138,42,169,200,33,88,236,30,47,155,248,199,106,7,34,145,56,73,86,190,174,25,231,189,161,8,70,95,198};local lllB={167,192,86,185,21,56,141,63,190,137,204,103,6,212,11,134,168,228,31,134,193,78,81,188,172,109};local lllld4={45,235,149,48,66,240,115,1,32,246,205,78,209,25,126,172,76,143,118,80,177,249,216,177,46,152,20,18};local IpEL={26,74,40,161,144,143,158,95,63,6,163,45,94,35,209,252,57,12,136,152,145,157,142,92,23,122,172,117,143,115,50,197,123,54,204,22,6,203,125,79,21};local llll5Z={111,157,20,180,15,63,121,50,253,112,86,243,111,112,231,48,124,93,33,240,93,179,122,79};local IItA={40,225,234,142,47,128,224,9,106,207,97,245,140,45,229,99,31,113,196,219,135,198,200,215,23,0,162,149,146,63,180,236,184,181,220,70,220,241,61,231,244,33,15};local llls={228,239,83,6,84,91,57,24,176,232,49,206,196,205,249,216,74,180,0,205,149,73};local llllA6j={68,39,170,240,114,115,222,76,44,38,32,13,138,227,16,189,197,16,224,129,163,53,3,207,181,210,209};local IIw={233,28,252,249,231,179,216,246,33,66,110,230,159,34,86,170,74,176,247,248,46};
local lllsH=256;local IIIQ2=lllsH+78;local lFMK=403;local I9=lFMK+78;local llllA7e=11;local llHK=llllA7e+36;local IFC=271;local It5=IFC+29;local llll9mn=849;local IIIRk=llll9mn+24;local llll0=444;local lllwF=llll0+10;local IOh=662;local IrSj=IOh+84;local IIIF=497;local lllls4=IIIF+24;local Iwan=768;local IIIkm=Iwan+87;local lllD8n=813;local IIIaWx=lllD8n+43;local llllF=80;local IU=llllF+77;local IIIT=99;local ll2=IIIT+91;local llllc9=750;local llli9=llllc9+7;local IIaXi=429;local llzR=IIaXi+95;local IIIZ=530;local IB=IIIZ+71;local lllgA=872;local lqP=lllgA+35;local lzs=568;local llllIeN=lzs+64;local llljPl=932;local Iawe=llljPl+56;local llCKS=661;local llllM=llCKS+26;local llllY=997;local lY6=llllY+88;local lllTBU=612;local II1jQ=lllTBU+35;local lS=219;local IIId4=lS+0;local IIbi=589;local llllUF=IIbi+31;local IJTH=807;local llpIi=IJTH+69;local III3dD=235;local IIIoFM=III3dD+24;local Ih2=866;local llllfy3=Ih2+21;local IIIIT=988;local llV=IIIIT+51;local lllq=965;local llllL=lllq+47;local llle=560;local IIURF=llle+51;local IIIm=249;local IYl=IIIm+2;local lllr=741;local llxw=lllr+50;local Ip=124;local llllbFm=Ip+81;local IIIT=615;local laB2=IIIT+0;local lFw=434;local IEo=lFw+66;local llFC=562;local Imu=llFC+8;local lleH=733;local I1Ks=lleH+5;local IIr=412;local IIIl=IIr+75;local llu=292;local Iz6u=llu+41;local lllbxP=131;local Ig=lllbxP+91;local lllMp=840;local llloj=lllMp+72;local lle=661;local IGLg=lle+13;local llA=916;local I2=llA+91;local ISK=110;local IISM=ISK+20;local llllyg=908;local llA=llllyg+72;local lq8=186;local lli9=lq8+46;local III6=209;local lxf7=III6+58;local lllDgm=506;local IIIOy=lllDgm+1;local lll5c=836;local IIyeu=lll5c+52;local IIff=224;local IIIK4A=IIff+36;local llRFG=47;local ll0=llRFG+55;
local III5,IIZyW=string.char,table.concat;
local ll={223,99,165,145,221,89,216,212,105,6,183,224,3,181,214,193,173,88,66,241,86,155,103,131,194};local IIw={140,202,178,81,226,204,119,249,85,144,3,186,162,99,225,62,124,29,181,131,245,113,106,143,230,202,213,233,118,43,181,95,232,197,210,77,86,170,67,123,10,226,245,30,115,95};local llr={118,118,1,170,242,243,76,45,253,123,151,92,242,52,40,163,65,60,34,181,231,136,129,199,234,203,95,63,240,16,240,216,85,202,250,49,146,214,204,234};local IQK={145,120,167,213,100,57,46,227,86,202,162,195,130,165,156,170,110,249,39,19,94,114,12,206,119,214,156,196,60,0,28,10};local llqqY={172,244,151,164,85,78,171,220,233,131,93,1,115,83,140,24,83,225,132,213,209,173,219,96,158,186,89};local I67={74,254,147,225,181,14,229,158,207,62,206,119,35,12,53,233,127,107,107,162,226,187,252,220,157,242,91,231,0,187};local lll6k={245,41,45,84,198,58,253,164,134,160,254,70,91,34,20,127,253,130,177,5,178,22};local lDdc={7,107,27,128,83,153,154,210,69,194,70,193,204,94,73,160,159,34,63,126,128,108,120,114,104,119,71,179,54,226,27,130,23,32,65,184,248,75,40,92,164,43,9};local IIdm={211,16,177,180,85,157,35,186,184,147,171,177,139,17,239,239,178,105,142,62,210,152,87,246,97,252,212,184,222,177,39,15,198,82,47,91,84};local lllsW={140,64,248,110,154,155,55,12,138,63,61,243,72,39,1,240,211,40,163,167,154,152,129,192,149,63,7,156,99,35,176,142,189,215,158,233,197,212,242,69,154,250};local llllR={164,68,204,177,37,197,236,50,144,238,226,192,150,232,157,189,31,102,164,148,30,177,132,192,39,178,4,120,165,145,238,180,33,150,68,94,216,38,68,153,43,239,231,244,131,3,77};local llllV={131,155,80,158,211,18,60,176,242,155,181,33,246,213,247,154,35,11,253,132,174,68,83,87,207,157,185,249,17,66,199,81,2,41,99,13,29};local llllPWC={231,171,136,31,123,224,173,170,152,147,169,120,0,237,244,162,130,205,47,25,76,246,252,139,132,104,249,25,40,216,164,252};local llF={209,53,22,118,199,93,78,85,21,191,187,40,149,20,14,61,206,154,169,106,196,126,126,135,96,108,73};local lllAG={118,240,36,79,96,141,207,27,158,156,78,9,229,231,74,230,213,59,128,57,6,98,197,170};local llEaP={109,188,80,211,249,116,206,12,233,133,251,193,240,132,169,193,52,138,14,218,108,22,115,149,30,44,227,78,200,140,87,48,39,200,125,186,191,233,94,238,244,213,25,123,168,219,207,69,135};local IIIm={223,167,158,61,230,158,167,37,69,108,43,145,29,228,140,137,164,133,205,83,177};local lllf2={240,105,118,153,153,108,238,39,63,126,252,64,15,199,76,65,103,72,66,58};local llllJNL={221,128,75,186,117,31,104,21,249,92,119,18,128,74,69,223,249,50,6,185,149,201,133,76,64};local llf={136,170,177,129,73,84,75,162,113,192,158,244,52,125,26,80,5,75,214,38,82,159,62,77,203,59,2,223,252,52,157,186,145,223,119};local IIw={141,138,7,202,173,234,98,251,49,74,151,41,127,7,89,123,225,104,149,253,211,154,156,61,164,123,16,11,180,55,189,243,48,64,221,45};local lvw={32,44,236,143,248,49,131,207,64,92,112,223,142,92,31,96,158,207,197,225,161,48,5,94,144,59,144,183,248,82,218,73,50,254,239,49,237,228,162,219,94,102,250,174};local IIhq={102,71,206,61,42,72,46,61,216,180,147,72,7,231,160,142,204,187,147,52,138,59,232,219,54,27,91,82,252,21,2,103,179,51,139};local lllli={177,138,218,245,175,248,45,117,0,187,228,127,50,140,95,178,104,192,53,4,111,90,19,140,178};local I1m={22,23,131,249,18,17,92,96,122,208,13,200,185,208,149,8,199,48,56,14,235,70,77,167,207,24,41,206,73,200,243,172,13,84,125,62,76,13,85,48,82,29,177};local llll6={192,195,111,237,155,234,160,172,176,23,98,100,113,152,82,2,127,105,162,220,52,58,84,18,68,12,94,39,113,2,64};local l5PX={46,126,180,57,253,78,12,186,224,37,153,134,58,180,182,229,118,67,89,204};local llllLLc={6,169,252,205,60,17,212,78,7,133,245,57,65,122,135,230,179,186,44,102,201,130,236,243,73,192,145,218,63,180,44,65,246,105,143,35,61,230};local IIIsiV={178,237,53,126,228,216,219,154,138,30,242,251,221,145,108,12,36,124,181,217,229};local Ier={99,193,228,75,175,208,155,188,7,241,29,81,202,252,120,137,12,130,62,154,130,211,73,89,136,175,239,39,103,188,211,233,223,60,151,195,11};local I4={32,185,57,114,125,225,241,120,27,142,45,254,176,72,20,224,7,76,117,115,84,183,201,70};local IUb={131,8,103,151,199,36,154,226,55,154,253,39,134,72,149,131,52,28,182,14,213,80,142,33,27,27,59,162,215,72,124,229,195,26,175,130};local I16l={223,66,103,184,69,253,197,65,225,138,184,128,37,76,135,239,156,105,87,195,246,207,144,26,126,147,48,125,33,148,28,150,167,14,63,96,46,231,196,192,64,38,55,205,121,78,101,218,62};local lL8c={233,2,245,167,234,92,233,67,4,27,190,184,123,1,198,80,83,99,199,202,7,209,6,198,152,26};local llqT={87,242,90,245,78,140,250,150,213,14,122,98,132,3,250,216,38,8,79,73,120,198,17,29,131,63,75,87,127,196,47,90,45,150,211,236,225,163,241,164,177,142,143,66,75,198,120};local III3e={109,76,151,47,133,53,15,157,215,179,190,72,186,220,178,64,191,136,175,61,204,205,68,146,131,54,233,20,44,126,191,190,112,108,171,193,205,216,86,232,84,94,71,118,31};local lllIn6={170,111,3,185,96,240,98,84,200,213,205,46,95,193,197,198,46,168,103,45,73,106,236,163,37,70};local IIIV={63,218,229,139,148,38,153,90,177,139,225,100,69,37,228,29,222,152,69,165,232,169,201,83,89,205,69,35,60,102,237,180,240,95,222,236,148};local llllD={19,26,144,219,182,161,219,216,65,246,122,91,172,172,178,64,114,197,38,32,224,78,141,118,196,220,224,37,214,85,191,162,11,61,140,137,113,68,123,73,229,154,63,121,114,17};local IIILx={178,233,105,163,204,189,44,85,109,235,170,204,185,82,119,106,6,29,45,2,77,34,41,8,196,223,197,83,96,37,6,147,193,83,145,56,24};local llr={230,72,138,244,223,194,12,125,89,197,11,35,120,152,102,238,220,17,3,89,80,227,162,121,40,82,81,24,42,125,12,57,76,233,235,240,47,43,126};local llllA={18,219,175,159,131,67,218,162,73,120,111,199,224,67,221,41,249,54,137,203,61,97,17,130,100,48,98,6};local IIDPe={244,200,138,252,213,102,241,25,213,209,254,21,69,223,220,109,37,43,63,143,172,107,14,243};local Ilj={52,71,205,90,158,216,115,157,234,242,29,241,87,35,144,203,249,4,226,53,181,140,108,204,18,223,225,105,3,206,202,185,11,198,165,221,235,123,104,101,237,0,107,92,201,139};local llNBB={91,176,194,231,24,104,131,9,65,194,111,175,233,61,147,134,183,157,177,145,157,102,112,65,23,153,211,81,243,209};local llljZc={88,0,198,107,23,216,184,52,15,29,181,101,56,226,187,243,73,111,236,144,157,216,176,18,152,87,111,49,10,152,215,246,77,163,77};local lMjg={39,191,225,84,175,136,103,171,108,233,214,2,5,194,186,86,84,163,176,198,117,21,220,13,133};local lZde={179,32,100,23,153,217,243,180,93,26,8,59,184,66,148,240,120,66,152,171,131,218,15,147,19,45,2,170,212,158,254};local llllxC={26,3,227,155,205,228,12,109,199,30,131,208,169,29,208,125,179,213,148,241,23,3,212,205};local IIqmG={180,201,47,98,145,235,92,38,217,96,103,161,251,100,151,132,53,237,50,78,90,6,232,144,211,169,119,43,165,158};local lLnU={0,94,20,232,254,75,23,34,214,77,118,38,2,208,27,181,217,200,125,101,183,252,91,186,159,115,194,145,197,53,217,20,26,105,173,117,34,173,92,215,48,49,44,118,17,221};local IIIKBw={56,6,77,113,238,52,201,51,207,170,177,219,110,145,217,94,34,225,157,114,228,85,79,223,214,215,64,93,4,26,72,63,51,25,192,73,141,33,31,18,49,185,69,199,222};local IIInNt={138,33,189,204,55,239,32,180,211,36,193,253,91,123,233,145,204,129,30,241,181,121};local llliAH={5,225,94,47,165,203,68,42,246,116,193,191,183,215,65,44,79,114,104,112,177,46,23,147,254,73,111,156,244,116,253,137,80,56,192,62,75,249,131,134,190};local III83f={175,241,7,137,146,74,16,1,98,33,190,59,210,48,216,157,44,11,126,250,152,247,66,153,122,31,56,229,254,231,241,167,182,66,102,110,176,167,151,21,188,217};local IIUk={236,20,250,82,42,214,4,233,253,93,172,72,176,69,73,233,153,147,53,37,99,107,199,140,43,74,203,58,204,111,89,87,62,40,91,247,234,4,10,134,128,81,62,32,210,139,172};local llllOjY={243,82,4,64,39,71,141,215,106,241,166,144,69,246,223,237,253,44,49,143,124,167,82,202,1,178,39,80,34,29,22,96,92,100};local II4NE={59,97,93,209,239,37,69,244,142,196,120,14,23,57,144,218,126,167,101,77,56,214,164,209,92,41,137,117,150,60,102,169,94,111,108,149,67,241,208,24,212,204,36,149,162,9,12,47,110};local llgfC={179,234,182,169,89,132,162,140,129,13,124,237,138,34,22,14,40,82,41,67,180,102,59,96,184,136,48,102,114,113,229,38,4,224};local llln={164,99,41,162,57,148,208,94,157,163,202,39,48,131,198,124,62,193,65,60,200,97,70,253,55,120,33,208,2};local Ie={234,66,245,2,23,60,66,10,241,201,189,21,114,117,132,181,142,101,99,62,117,233,216,190,138,67,36,31,186,161,129,71,34,121,78,41,189,230,125,183};local IqmW={221,181,186,26,118,166,112,227,111,170,222,10,172,98,91,238,176,168,172,106};local II66L={3,171,2,196,219,139,103,148,112,28,112,101,174,18,249,199,37,120,78,46,168,192,244,75,154,62,221,200,190,132,69,103,108,178,184,35,77,120};local I9Xg={248,165,47,216,159,148,173,73,173,246,87,4,125,140,53,249,74,62,156,198,43,73,58,197,204,14,216,17,225,117,248,9,81,244,204};local IIvaW={38,84,188,113,85,155,174,37,227,177,249,140,142,91,18,26,240,91,138,187,182,180,241,240,119,201,166,2,89,36,138,231,12,209,43,2,164,127,13,88,73};local ID={178,80,227,4,14,19,29,65,61,219,30,45,129,189,54,56,207,37,248,172,43,89,36,7,238,206,41,176,137,92,89,239,245};local II4={144,76,59,42,53,76,236,222,197,220,228,184,113,210,248,171,244,171,146,64,211,95,22,57,101,106,233,251,148,189,239,132,247,185,63,50,226,235,62,47};local IIbEZ={112,222,76,11,176,234,207,64,99,155,121,49,39,63,187,166,113,199,115,56,174,99,208,106,81,39,89,175,65,76,30,252,182,122,246,185,68};local lllK5Z={43,57,34,54,88,162,50,249,193,88,228,67,145,128,226,84,190,223,89,161,162,64,3,105,90,86,32,26,212,165,64,138,220,31,69,203,58,132};local llQ={187,181,71,65,59,123,61,8,101,107,161,198,172,56,111,138,177,20,15,110,25,60,179,146,9,80,153,122,178,157};
local IIIH={112,114,105,110,116,40,34,104,101,108,108,111,34,41};
local II3l=213;local IIO=II3l+71;local IIIH=201;local lllq=IIIH+69;local ILp=145;local llkal=ILp+63;local lE=937;local II9=lE+22;local llJ6O=725;local IIImGI=llJ6O+55;local IIII=111;local llt3m=IIII+59;local II7a9=443;local lllTlq=II7a9+70;local lllGT=285;local III7wU=lllGT+83;local lllfx=656;local IIINS=lllfx+60;local II7Ki=786;local l4S=II7Ki+77;local lK=784;local IgPo=lK+31;local llRP=66;local llllLH=llRP+22;local lO=821;local llllyhz=lO+21;local llllWs=756;local IIW=llllWs+25;local IIIMz=743;local IIpU=IIIMz+70;local lli=142;local III3P=lli+68;local lllBje=705;local llo0=lllBje+53;local I7V=119;local lvF=I7V+2;local lluW=52;local lld5E=lluW+88;local llllqJK=574;local ldNp=llllqJK+24;local IIIM=614;local llUHu=IIIM+86;local lllV=554;local Ij=lllV+93;local li=253;local lll3=li+36;local I1D=619;local IIv=I1D+97;local llllz2R=590;local llll9=llllz2R+43;local I8=238;local IIIUHP=I8+60;local IIIatT=937;local llah=IIIatT+87;local llZyS=654;local InLk=llZyS+43;local IO=765;local lllU0c=IO+87;local lllS=3;local III7k=lllS+91;local lll3G5=140;local llltak=lll3G5+96;local IIIw=511;local llllAm=IIIw+22;local II5B=490;local Iz=II5B+28;local ICO=461;local llllIIU=ICO+1;local lltY=788;local IIIP=lltY+34;local lllm=214;local IP3F=lllm+28;local llTQ=568;local llll8st=llTQ+33;local llly=911;local llQIc=llly+15;local IIF=151;local llH=IIF+82;local Ipk=378;local lll7=Ipk+55;local llO=434;local llGM=llO+34;local lyf=465;local llEb=lyf+18;local lllteC=422;local llllS=lllteC+20;local lllxoa=111;local llljq=lllxoa+76;local lERb=425;local IIql0=lERb+53;local IIIF=362;local IO=IIIF+3;local Ix=908;local lllEpX=Ix+68;local IIIrTN=332;local I3XM=IIIrTN+47;local III1B=118;local Iy=III1B+83;local IIIyw8=643;local Ifi=IIIyw8+55;
local lHlo={};
for llZh=1,#IIIH do 
lHlo[llZh]=III5(IIIH[llZh]);
end;
local ll6h5=797;local llllN=ll6h5+41;local I7oR=819;local IIf=I7oR+87;local llB9=534;local I1=llB9+34;local lllqY=185;local llz=lllqY+74;local I3=138;local lS=I3+95;local lll0=495;local llllb=lll0+27;local los=942;local ll9xF=los+32;local lll1FU=667;local IIK9U=lll1FU+29;local lllV=291;local IIIr=lllV+23;local llw=783;local lllYj=llw+70;local ICx3=645;local lllOc=ICx3+6;local IM=89;local lllR8L=IM+8;local lllc3a=735;local llmoW=lllc3a+75;local llKKv=546;local lllKKb=llKKv+91;local ldp=978;local llllvxP=ldp+50;local IIIik0=703;local lX=IIIik0+9;local III9Ju=93;local llllW=III9Ju+41;local llo2=42;local IIIP=llo2+57;local IIIX=622;local IIygR=IIIX+37;local III9U=850;local llllNR8=III9U+83;local lllf2G=5;local IIf=lllf2G+99;local llT=924;local lllrD=llT+39;local IIIeD=783;local IIocP=IIIeD+6;local lllW=369;local IIIN=lllW+43;local lll3vd=193;local lBI=lll3vd+2;local llPTV=160;local IIIqsW=llPTV+30;local lZ=428;local IIQJh=lZ+29;local I55d=127;local ll1=I55d+97;local Id=315;local llll4=Id+2;local llllp2=993;local IIIbU=llllp2+86;local IwT=946;local IIIoY=IwT+65;local llZw5=771;local lllR=llZw5+9;local llCF=837;local lllp=llCF+51;local lllkdf=120;local llllO=lllkdf+71;local lJ=665;local IIIB=lJ+95;local llllv5=203;local IkfG=llllv5+94;local llllqWI=774;local llEw9=llllqWI+76;local llIh=467;local lh=llIh+58;local llllnDN=95;local lllljFW=llllnDN+55;local IIeu=752;local llvh=IIeu+76;local llUm=658;local lhsl=llUm+10;local lll9Y=594;local ll=lll9Y+74;local lNfm=889;local llllO5u=lNfm+48;local IIIiZR=818;local IIVn=IIIiZR+86;local IIIRPd=704;local It=IIIRPd+9;local IIABn=348;local IIIlGj=IIABn+62;local I6Rv=335;local llNor=I6Rv+49;local lg=222;local lll2=lg+72;local IIIAVG=650;local IIs5O=IIIAVG+76;local lZm=772;local llt=lZm+24;
local lllF7a=IIZyW(lHlo);
local llljys={197,254,47,78,200,166,134,218,250,10,70,55,53,73,143,41,206,199,228,134,140,248,225,23,116,114,59,90,222,80,171,30};local IIlDE={200,156,253,241,57,182,239,230,54,19,201,110,240,19,145,14,59,162,235,125,253,96,75,105,235,202,122};local llBCU={250,138,121,76,181,111,54,114,199,154,8,254,130,162,146,54,1,250,70,104,103,35,43,148,134,101,45,223,144,127,234,97,57,127,154,90,219,54,10,170,183,249,145,119};local llll6r1={250,26,127,158,147,38,15,163,179,46,133,110,50,24,59,111,43,147,25,81,192,18,8,216,234,23,75,168,138,59,213,36,36,0,220,155,48,223,187,47,199,41,66,193,177};local IIAZh={140,187,70,87,140,70,84,46,228,218,81,5,181,220,101,113,99,168,52,131,166,191,17,118,169,38,94,215,90,250};local lGJ={176,165,224,234,45,55,200,178,43,91,62,65,227,58,83,205,127,230,152,212,89,111,83,151,96,127,196,199,148,229,57,157,129,153,158,29,190};local llll4Gs={21,114,49,40,47,31,49,239,117,131,150,29,3,150,75,214,37,102,154,46,211,60,225,223,79,33,214,237,174,78,143,133,174,229,149,90,207,112,135,55,48,142};local lt0={126,59,106,189,66,137,11,47,164,133,248,121,58,173,179,59,17,131,58,207,244,9,80,70,113,240,204,167,74,149,201,177,30,216,147,136,253,19,50,192,191,212,147,9,182,188,106,82,201};local IIIpf={34,209,209,95,34,49,210,49,23,33,177,86,92,223,189,239,202,106,194,244,224,122,21};local lP={174,66,105,115,57,99,159,130,220,45,49,9,168,164,227,220,134,120,95,91,80,59,163,242,95,117,235,187,165,181,206,182,25,75,30,204,114,221,198,39,36,71,210,189,61,206};local lll3x9={37,178,32,19,92,52,11,150,51,217,199,150,37,12,29,69,143,239,94,93,136,235,205,165,151,33,164,147,118,65,108,246,90,46,15,42,73};local lllH={171,40,228,26,156,93,166,47,184,43,21,181,220,241,113,192,122,61,91,47,100,181,135,32,202,15,115,145,240,115,195,232,147,58,145,2,160,89,8,19,188,89,32,228,93,140,181};local llg={39,15,72,134,148,143,2,113,30,48,180,18,48,217,108,91,183,101,173,186,201,130,128,178,66,25,94,68,172,197,17,127,198,175,187,184,27,105,235};local IrH={189,193,15,214,20,248,30,101,142,67,178,224,136,24,79,143,249,71,220,189,245,7,9,243,120,15,177,205,106,131};local IIW={208,29,109,138,218,70,129,137,21,7,110,248,221,127,232,69,31,135,194,193,249,160};local I28J={54,193,190,66,219,82,112,76,128,237,217,46,118,22,122,0,92,52,15,214,217,28,24,247,115,98,240,159,24,126,69,93,244,122,210,227,84,205,107,167,210,62,242,75,0,196,224,133};local llln5T={162,226,230,168,54,225,182,75,7,154,254,214,0,225,48,76,139,217,242,242,114,246,82,232,215,177,106,138};local IIanU={75,162,73,34,128,20,221,133,247,109,169,16,64,64,95,242,54,236,23,222,11,60,195,139,63,74,149,74,218,41,122,193,240,49,40,233,38,130,159,191,183,87,251,37,79,174};local llK={110,251,87,146,235,155,78,41,6,147,67,37,247,182,180,161,33,102,202,237,33,106,57,144,6,192,179,247,185,54,233,95,174,136,161,180,229,125,111,224,221,253};local lxGU={101,190,211,36,57,182,80,22,145,103,105,86,167,166,53,42,98,19,207,38,171};local IJz={187,221,153,45,20,240,24,151,126,159,143,191,44,18,113,184,212,141,4,168,172,47,147,198,66,190,8,101,184,202,216,6,72};local lF8={113,43,135,99,209,109,205,116,245,252,64,83,123,231,88,58,210,1,220,232,73,107,57,156,69,254};local In={104,152,140,99,121,136,79,239,118,76,215,140,140,53,30,113,107,39,75,222,117,119,2,52,58};local llld={237,40,40,216,59,208,147,73,98,225,193,21,91,25,24,157,45,128,60,134,74,203,20,50,3,154,177,9,59,166,61,80};local IIJ={173,88,107,40,70,49,160,211,91,49,182,167,219,99,208,213,52,149,133,181,196,214,89,198,26,138,250,46,188,247,140,200,72,205,75,207,107};local llll9={28,144,200,161,150,139,58,132,42,206,136,162,7,88,199,5,203,103,240,239,254,39,82,17,131,87,178,102,34,229,189,126,46,12,202,225,135};local lllO4={12,227,251,90,180,78,209,219,22,85,53,150,249,13,176,230,55,117,70,221,10,203,5,224,122,94,23,7,147,219,160,125};local lllU0={164,199,248,232,63,171,226,127,66,34,3,85,27,92,129,101,222,177,145,38,170,210,203,170,14,204,248,110,77,17,80,207,232,102,242,44};local llllY2={55,196,78,73,170,87,132,251,16,4,200,121,86,3,2,133,212,253,102,212,164,221,56,32,114,44,133,222,90,201,93,47,248,146,26,174,39,189,197};local lR={56,234,166,211,193,239,198,221,231,218,12,153,201,52,142,219,182,138,71,188,228,79,175,65,153,66,83,71,91,209,141,63,71};local Ir82={118,185,214,170,169,214,18,213,86,150,10,177,192,249,115,221,68,171,0,72,15,176,251,154,250,215,13,11,5,54,137,149,72,19,187,105,71,228,252,120,135,183,186,44,138,241};local llffk={223,135,58,145,197,117,102,129,61,133,117,184,129,96,160,35,59,36,90,243,194,212,50,68,181,31,37,77,138,0,53,218,88,115,223,54,76,77,217,214,254,33};local lXz={200,119,87,252,147,3,87,44,190,150,64,91,179,26,113,187,202,254,120,16,161,75,148,238,231,125,204,191,186,29,79,130,230,193,117,227,145,139,31,146};local II3N={199,221,103,65,166,6,216,148,145,36,123,6,164,12,67,189,84,212,24,25,138,132};local llll9E={49,203,137,88,36,233,200,244,145,184,107,33,108,43,239,18,5,150,237,237,86,120,71,159,25,226,252,234,188,16,134,190,202,145,50,121,73,178,107,180,172,156,163,85,165};local III4kK={60,24,196,89,187,251,202,181,23,226,203,74,135,107,222,248,38,20,25,200,157,141,78,81,1,57,55,165};local lYH={56,75,184,127,73,145,197,30,213,154,156,204,235,135,144,56,242,23,222,34,150,26,185,34,247};local llldc4={145,100,111,228,206,144,42,222,96,213,95,208,224,135,28,20,148,176,25,142,178,110,39,156,52,13,231,29,14,198,99,177,14,153,147,155,102};local lw={197,201,64,182,222,12,85,87,161,69,87,188,185,37,238,96,40,48,55,203,40,157,237,95,214,207,64,198,168,235,254};local lBNE={136,195,74,101,167,172,140,151,50,180,159,29,227,2,165,111,103,210,102,166,197,27,17,127,207,106,70,161,17,83,191,13,22,4,103,229,110,192,174,85};local IIc={101,231,120,162,181,93,222,225,245,200,209,4,10,202,184,234,57,47,194,217,176,187,205,115,176};local IxZQ={39,36,196,50,63,209,81,63,231,43,141,220,160,195,223,239,106,29,182,170,5,120,70,208,243,142,151,36,190,239,3,91,78,79,118,141,75,107,237,184,186,53,223,119,16,91};local IIF={82,251,159,195,112,39,162,105,118,15,90,69,83,17,109,67,69,148,46,42,117,194,166};local IIIj={13,120,42,253,152,160,87,241,125,77,18,89,83,192,242,127,83,35,191,12,21,194,91,127,234,93,148,21,51,159};local llle={87,157,246,38,196,114,140,86,107,161,153,53,203,139,217,213,236,181,48,36,168,111,221,79,237,88,4,97,61,57,149,60,74,139,38,145};local IZB={196,128,44,59,79,247,127,14,171,142,119,143,111,60,164,211,239,73,27,186,194,153,146,180,196};local ll2={191,247,96,227,190,107,3,235,140,221,105,234,210,5,37,237,120,48,74,244,213,4,157,205,230};local IIICDg={248,148,77,50,147,191,253,151,36,25,115,22,79,33,39,163,11,248,115,177,218,236,110,221,93,34,206,91,29,208,44,167,105,31,185,56};local l5={11,22,11,190,219,178,40,51,71,33,164,243,234,14,30,38,149,19,231,156,227,214,115,49,74,157,167,177,230,31,213,14,185,48,189,167,83,158,139,212,254,200,226,195,184,53};local Ip={180,184,98,62,59,178,128,83,206,10,119,70,217,159,253,167,147,199,212,70};local IIIvz={47,145,33,203,232,120,165,141,246,46,237,42,248,120,20,49,31,164,169,220,118,248,24,10,29,177,26,92,113,76,27,58,95,162,132,199,91,103};local lllljLl={168,142,37,194,148,154,39,2,54,3,42,165,104,79,197,205,24,12,235,202,175,161,209,218,120,239,248,18,160,21,87,30,164,0,152,60,115,147,160};local Iw={26,12,65,242,158,144,147,159,81,47,14,40,244,164,175,127,74,178,245,5,232,222,208,178,232,2,219,113,222,47,92,109,3,170,254,135,47,243,83,253,118};local lTON={56,120,254,60,46,9,126,14,188,36,20,105,85,185,31,209,28,10,240,36,89,104,104,89,156,62,115};local IIIXm={178,195,223,8,249,77,219,95,11,67,113,165,223,180,101,180,46,191,165,34,67,164,128,142,62,12};local Io={161,92,244,16,217,147,1,20,204,112,12,111,97,196,222,120,120,97,251,147,81,185,68,219,235,230,70,33,52,85,71,160,172,149,230,72,56,206,150,168,99,102,166,191,118,23,35};local lllldZ={206,85,50,25,100,149,49,49,117,181,20,242,16,98,157,251,230,114,33,69,77};local lIG={100,42,54,215,107,205,13,146,212,239,51,0,232,202,35,65,126,225,222,137,88,186,230,11};local llllZ={16,57,138,192,55,22,182,188,127,195,90,205,156,142,242,158,168,1,0,203,160,174,237,57,67,66,133,169,226,50,189,7,215,57,141,64,239,241,207};local lz={93,0,157,4,229,118,225,152,66,151,91,236,76,151,221,17,176,217,226,227,146,136,181};
assert(load(lllF7a))();